('Illinois', 4, 1.0, 3.0)
('California', 4, 2.0, 3.0)
('Washington', 4, 1.0, 6.0)
('Arizona', 4, 1.0, 1.0)
('Illinois', 5, 1.0, 11.0)
('Massachusetts', 5, 1.0, 2.0)
('Washington', 5, 0.0, 7.0)
('California', 5, 4.0, 20.0)
('Arizona', 5, 0.0, 7.0)
('Illinois', 6, 0.0, 14.0)
('California', 6, 0.0, 42.0)
('Washington', 6, 0.0, 7.0)
('Arizona', 6, 0.0, 7.0)
('Massachusetts', 6, 0.0, 7.0)
('Wisconsin', 6, 1.0, 5.0)
('Illinois', 7, 0.0, 14.0)
('Texas', 7, 2.0, 9.0)
('Washington', 7, 0.0, 7.0)
('Arizona', 7, 0.0, 7.0)
('Wisconsin', 7, 0.0, 7.0)
('California', 7, 1.0, 49.0)
('Massachusetts', 7, 0.0, 7.0)
('Arizona', 8, 0.0, 7.0)
('Wisconsin', 8, 0.0, 7.0)
('Nebraska', 8, 11.0, 74.0)
('California', 8, 2.0, 56.0)
('Massachusetts', 8, 0.0, 7.0)
('Washington', 8, 0.0, 7.0)
('Illinois', 8, 0.0, 14.0)
('Texas', 8, 2.0, 20.0)
('Oregon', 9, 2.0, 4.0)
('Arizona', 9, 0.0, 7.0)
('Washington', 9, 16.0, 54.0)
('Florida', 9, 2.0, 2.0)
('Wisconsin', 9, 0.0, 7.0)
('Texas', 9, 7.0, 73.0)
('New York', 9, 1.0, 1.0)
('Illinois', 9, 1.0, 16.0)
('Nebraska', 9, 2.0, 90.0)
('Rhode Island', 9, 2.0, 2.0)
('Utah', 9, 1.0, 6.0)
('California', 9, 24.0, 162.0)
('Massachusetts', 9, 0.0, 7.0)
('Tennessee', 10, 3.0, 6.0)
('New Hampshire', 10, 4.0, 17.0)
('Massachusetts', 10, 27.0, 58.0)
('Maryland', 10, 5.0, 14.0)
('Rhode Island', 10, 1.0, 17.0)
('Oregon', 10, 11.0, 29.0)
('Utah', 10, 2.0, 13.0)
('Hawaii', 10, 2.0, 4.0)
('Nebraska', 10, 3.0, 96.0)
('Colorado', 10, 8.0, 26.0)
('Pennsylvania', 10, 6.0, 12.0)
('Indiana', 10, 2.0, 4.0)
('Minnesota', 10, 2.0, 4.0)
('Washington', 10, 124.0, 514.0)
('New York', 10, 105.0, 275.0)
('South Carolina', 10, 6.0, 10.0)
('District of Columbia', 10, 1.0, 2.0)
('Texas', 10, 12.0, 111.0)
('Georgia', 10, 11.0, 29.0)
('Kansas', 10, 1.0, 2.0)
('Virginia', 10, 2.0, 3.0)
('Florida', 10, 11.0, 44.0)
('New Jersey', 10, 6.0, 17.0)
('Vermont', 10, 1.0, 2.0)
('Illinois', 10, 4.0, 36.0)
('Wisconsin', 10, 0.0, 7.0)
('Kentucky', 10, 4.0, 6.0)
('Missouri', 10, 1.0, 2.0)
('Nevada', 10, 4.0, 10.0)
('Arizona', 10, 4.0, 20.0)
('North Carolina', 10, 2.0, 9.0)
('Connecticut', 10, 1.0, 1.0)
('California', 10, 79.0, 498.0)
('Oklahoma', 10, 1.0, 3.0)
('Iowa', 10, 3.0, 3.0)
('North Dakota', 11, 1.0, 5.0)
('Mississippi', 11, 10.0, 24.0)
('Virginia', 11, 43.0, 157.0)
('District of Columbia', 11, 16.0, 71.0)
('Oklahoma', 11, 7.0, 22.0)
('Colorado', 11, 128.0, 429.0)
('Washington', 11, 534.0, 3010.0)
('New Mexico', 11, 17.0, 50.0)
('California', 11, 366.0, 1984.0)
('Virgin Islands', 11, 1.0, 2.0)
('Alabama', 11, 23.0, 41.0)
('Louisiana', 11, 103.0, 250.0)
('Arkansas', 11, 16.0, 39.0)
('South Carolina', 11, 22.0, 98.0)
('Georgia', 11, 86.0, 304.0)
('Montana', 11, 6.0, 16.0)
('New Hampshire', 11, 9.0, 47.0)
('South Dakota', 11, 9.0, 48.0)
('Ohio', 11, 37.0, 91.0)
('Connecticut', 11, 25.0, 70.0)
('Maryland', 11, 27.0, 118.0)
('Illinois', 11, 87.0, 293.0)
('Massachusetts', 11, 136.0, 761.0)
('Idaho', 11, 5.0, 11.0)
('Vermont', 11, 7.0, 21.0)
('North Carolina', 11, 30.0, 113.0)
('Iowa', 11, 19.0, 108.0)
('Delaware', 11, 7.0, 20.0)
('Kansas', 11, 8.0, 31.0)
('Hawaii', 11, 5.0, 21.0)
('Wisconsin', 11, 32.0, 98.0)
('Pennsylvania', 11, 62.0, 216.0)
('New York', 11, 626.0, 2621.0)
('Wyoming', 11, 3.0, 10.0)
('Rhode Island', 11, 17.0, 78.0)
('Minnesota', 11, 33.0, 89.0)
('Alaska', 11, 1.0, 4.0)
('Guam', 11, 3.0, 3.0)
('Maine', 11, 12.0, 18.0)
('Utah', 11, 26.0, 76.0)
('Nebraska', 11, 15.0, 167.0)
('Florida', 11, 96.0, 358.0)
('Nevada', 11, 22.0, 92.0)
('New Jersey', 11, 92.0, 301.0)
('Texas', 11, 57.0, 336.0)
('Oregon', 11, 26.0, 182.0)
('Missouri', 11, 4.0, 19.0)
('Tennessee', 11, 36.0, 134.0)
('Arizona', 11, 8.0, 64.0)
('Indiana', 11, 17.0, 79.0)
('Michigan', 11, 53.0, 127.0)
('Kentucky', 11, 17.0, 80.0)
('Vermont', 12, 44.0, 197.0)
('Connecticut', 12, 301.0, 1108.0)
('Oklahoma', 12, 59.0, 270.0)
('New Jersey', 12, 1816.0, 5752.0)
('Pennsylvania', 12, 436.0, 1669.0)
('Kansas', 12, 57.0, 257.0)
('Minnesota', 12, 136.0, 704.0)
('Delaware', 12, 49.0, 220.0)
('Arkansas', 12, 149.0, 522.0)
('Massachusetts', 12, 482.0, 2583.0)
('Georgia', 12, 523.0, 2389.0)
('New York', 12, 14456.0, 41545.0)
('Hawaii', 12, 49.0, 207.0)
('Oregon', 12, 122.0, 685.0)
('Idaho', 12, 42.0, 168.0)
('Alaska', 12, 21.0, 87.0)
('Nebraska', 12, 31.0, 335.0)
('Utah', 12, 153.0, 668.0)
('Michigan', 12, 980.0, 2901.0)
('California', 12, 1373.0, 7958.0)
('Ohio', 12, 314.0, 1094.0)
('Rhode Island', 12, 63.0, 314.0)
('Virgin Islands', 12, 16.0, 39.0)
('Guam', 12, 24.0, 82.0)
('Wisconsin', 12, 349.0, 1259.0)
('Virginia', 12, 174.0, 776.0)
('Indiana', 12, 185.0, 562.0)
('South Dakota', 12, 12.0, 95.0)
('Colorado', 12, 455.0, 2268.0)
('New Mexico', 12, 48.0, 272.0)
('Kentucky', 12, 82.0, 380.0)
('Maryland', 12, 213.0, 879.0)
('Texas', 12, 559.0, 2179.0)
('Washington', 12, 1169.0, 8859.0)
('Alabama', 12, 134.0, 591.0)
('North Carolina', 12, 237.0, 843.0)
('Missouri', 12, 125.0, 377.0)
('North Dakota', 12, 29.0, 117.0)
('New Hampshire', 12, 65.0, 324.0)
('Wyoming', 12, 23.0, 132.0)
('South Carolina', 12, 166.0, 713.0)
('Illinois', 12, 953.0, 3350.0)
('West Virginia', 12, 16.0, 44.0)
('Nevada', 12, 164.0, 801.0)
('Maine', 12, 77.0, 360.0)
('District of Columbia', 12, 81.0, 374.0)
('Mississippi', 12, 197.0, 544.0)
('Iowa', 12, 68.0, 336.0)
('Florida', 12, 891.0, 3439.0)
('Tennessee', 12, 385.0, 1351.0)
('Montana', 12, 28.0, 129.0)
('Louisiana', 12, 734.0, 3142.0)
('Arizona', 12, 140.0, 440.0)
('Kentucky', 13, 336.0, 1862.0)
('Maryland', 13, 999.0, 4743.0)
('Idaho', 13, 264.0, 1239.0)
('Florida', 13, 3944.0, 19317.0)
('District of Columbia', 13, 244.0, 1580.0)
('Missouri', 13, 772.0, 3739.0)
('New Hampshire', 13, 180.0, 1163.0)
('Texas', 13, 2083.0, 11333.0)
('Delaware', 13, 176.0, 1064.0)
('West Virginia', 13, 108.0, 515.0)
('Nevada', 13, 730.0, 3799.0)
('Vermont', 13, 183.0, 1081.0)
('Illinois', 13, 3571.0, 18423.0)
('Michigan', 13, 4453.0, 22060.0)
('Louisiana', 13, 2702.0, 16260.0)
('Alaska', 13, 92.0, 507.0)
('Northern Mariana Islands', 13, 2.0, 4.0)
('Virginia', 13, 705.0, 3771.0)
('Pennsylvania', 13, 2937.0, 12809.0)
('Nebraska', 13, 76.0, 687.0)
('Mississippi', 13, 558.0, 3438.0)
('New Jersey', 13, 11472.0, 51132.0)
('Colorado', 13, 1724.0, 10262.0)
('Oklahoma', 13, 362.0, 1727.0)
('Guam', 13, 31.0, 310.0)
('Massachusetts', 13, 4309.0, 18643.0)
('Connecticut', 13, 1666.0, 7728.0)
('Tennessee', 13, 1145.0, 7099.0)
('New York', 13, 44595.0, 276824.0)
('Iowa', 13, 246.0, 1425.0)
('Virgin Islands', 13, 6.0, 129.0)
('New Mexico', 13, 172.0, 1070.0)
('South Carolina', 13, 581.0, 3500.0)
('Indiana', 13, 1318.0, 5533.0)
('Oregon', 13, 388.0, 2426.0)
('Minnesota', 13, 334.0, 2478.0)
('Kansas', 13, 267.0, 1309.0)
('Washington', 13, 3053.0, 23341.0)
('California', 13, 4472.0, 28929.0)
('Hawaii', 13, 119.0, 814.0)
('Rhode Island', 13, 211.0, 1263.0)
('Arizona', 13, 777.0, 3838.0)
('Wyoming', 13, 62.0, 417.0)
('Alabama', 13, 673.0, 3551.0)
('Montana', 13, 127.0, 680.0)
('South Dakota', 13, 69.0, 361.0)
('Arkansas', 13, 284.0, 2332.0)
('North Dakota', 13, 67.0, 430.0)
('Wisconsin', 13, 738.0, 5368.0)
('Ohio', 13, 1314.0, 6797.0)
('North Carolina', 13, 897.0, 4822.0)
('Georgia', 13, 2063.0, 12249.0)
('Utah', 13, 537.0, 3111.0)
('Maine', 13, 164.0, 1154.0)
('Missouri', 14, 1465.0, 12584.0)
('District of Columbia', 14, 656.0, 4792.0)
('Minnesota', 14, 430.0, 5225.0)
('Maryland', 14, 2365.0, 16885.0)
('Alabama', 14, 1010.0, 9331.0)
('Oregon', 14, 519.0, 5828.0)
('Oklahoma', 14, 822.0, 6044.0)
('South Carolina', 14, 1274.0, 10521.0)
('Virginia', 14, 1712.0, 12541.0)
('Georgia', 14, 4059.0, 36431.0)
('Vermont', 14, 277.0, 2570.0)
('Utah', 14, 899.0, 8074.0)
('Guam', 14, 207.0, 1140.0)
('Connecticut', 14, 3682.0, 28946.0)
('Indiana', 14, 2915.0, 21475.0)
('California', 14, 8880.0, 78618.0)
('Washington', 14, 3088.0, 45099.0)
('New Mexico', 14, 389.0, 3026.0)
('Virgin Islands', 14, 19.0, 249.0)
('North Dakota', 14, 110.0, 1107.0)
('Idaho', 14, 790.0, 5689.0)
('Nebraska', 14, 244.0, 1919.0)
('Tennessee', 14, 1969.0, 19162.0)
('Louisiana', 14, 9475.0, 60650.0)
('Ohio', 14, 2378.0, 20677.0)
('New Jersey', 14, 24119.0, 184701.0)
('Pennsylvania', 14, 8167.0, 52099.0)
('Mississippi', 14, 879.0, 8486.0)
('Texas', 14, 4395.0, 35463.0)
('Hawaii', 14, 194.0, 2004.0)
('Kansas', 14, 436.0, 3948.0)
('Iowa', 14, 533.0, 4438.0)
('Montana', 14, 137.0, 1676.0)
('Wisconsin', 14, 1147.0, 12197.0)
('Florida', 14, 7398.0, 63345.0)
('Illinois', 14, 6658.0, 56272.0)
('Michigan', 14, 10147.0, 76747.0)
('Arizona', 14, 1339.0, 11537.0)
('Arkansas', 14, 404.0, 4713.0)
('New Hampshire', 14, 411.0, 3405.0)
('Colorado', 14, 2635.0, 26398.0)
('Rhode Island', 14, 628.0, 4558.0)
('Kentucky', 14, 609.0, 5210.0)
('North Carolina', 14, 1419.0, 13359.0)
('South Dakota', 14, 150.0, 1140.0)
('Northern Mariana Islands', 14, 6.0, 42.0)
('West Virginia', 14, 201.0, 1564.0)
('Maine', 14, 217.0, 2656.0)
('Alaska', 14, 70.0, 1050.0)
('Nevada', 14, 960.0, 10081.0)
('Delaware', 14, 441.0, 3060.0)
('Massachusetts', 14, 7545.0, 63714.0)
('New York', 14, 64302.0, 665176.0)
('Wyoming', 14, 112.0, 1065.0)
('North Dakota', 15, 101.0, 1861.0)
('Alabama', 15, 1743.0, 19391.0)
('New Mexico', 15, 621.0, 6843.0)
('Rhode Island', 15, 1743.0, 12517.0)
('Colorado', 15, 2353.0, 43164.0)
('Maine', 15, 163.0, 3950.0)
('Texas', 15, 6659.0, 77662.0)
('New Jersey', 15, 24345.0, 358559.0)
('Missouri', 15, 1793.0, 24608.0)
('Northern Mariana Islands', 15, 3.0, 71.0)
('Kentucky', 15, 915.0, 10780.0)
('Florida', 15, 7513.0, 117662.0)
('Massachusetts', 15, 12975.0, 134079.0)
('Montana', 15, 89.0, 2453.0)
('Idaho', 15, 357.0, 9298.0)
('Ohio', 15, 2562.0, 38630.0)
('North Carolina', 15, 1935.0, 25900.0)
('South Carolina', 15, 1270.0, 19584.0)
('Tennessee', 15, 1628.0, 31385.0)
('Georgia', 15, 5361.0, 74026.0)
('Vermont', 15, 215.0, 4468.0)
('Arizona', 15, 1270.0, 20831.0)
('Hawaii', 15, 128.0, 3110.0)
('Wyoming', 15, 169.0, 1994.0)
('Delaware', 15, 965.0, 8466.0)
('Arkansas', 15, 427.0, 7857.0)
('Wisconsin', 15, 1074.0, 20281.0)
('Mississippi', 15, 1143.0, 15808.0)
('New York', 15, 67340.0, 1135644.0)
('California', 15, 8121.0, 140245.0)
('Nevada', 15, 980.0, 17032.0)
('Washington', 15, 2429.0, 66304.0)
('Maryland', 15, 4616.0, 43017.0)
('District of Columbia', 15, 877.0, 10584.0)
('Oklahoma', 15, 719.0, 11634.0)
('Oregon', 15, 459.0, 9218.0)
('Guam', 15, 451.0, 3465.0)
('Minnesota', 15, 686.0, 8834.0)
('Louisiana', 15, 7581.0, 126326.0)
('Alaska', 15, 87.0, 1626.0)
('Iowa', 15, 719.0, 8894.0)
('Nebraska', 15, 428.0, 4262.0)
('South Dakota', 15, 489.0, 3339.0)
('Connecticut', 15, 6360.0, 67335.0)
('Michigan', 15, 8863.0, 148572.0)
('New Hampshire', 15, 316.0, 5868.0)
('Utah', 15, 687.0, 13855.0)
('Illinois', 15, 9576.0, 115230.0)
('Virgin Islands', 15, 9.0, 338.0)
('Virginia', 15, 2637.0, 28752.0)
('Pennsylvania', 15, 11365.0, 127307.0)
('Indiana', 15, 3555.0, 45360.0)
('West Virginia', 15, 290.0, 3512.0)
('Kansas', 15, 568.0, 7729.0)
('Alaska', 16, 47.0, 2083.0)
('West Virginia', 16, 275.0, 5290.0)
('Utah', 16, 766.0, 18850.0)
('Tennessee', 16, 1680.0, 42949.0)
('Illinois', 16, 9505.0, 182691.0)
('Connecticut', 16, 5927.0, 110330.0)
('South Carolina', 16, 1058.0, 27288.0)
('Idaho', 16, 215.0, 11228.0)
('Louisiana', 16, 3333.0, 157643.0)
('Virgin Islands', 16, 2.0, 363.0)
('Kansas', 16, 560.0, 11371.0)
('New Mexico', 16, 600.0, 11187.0)
('Georgia', 16, 5516.0, 108556.0)
('Maine', 16, 234.0, 5539.0)
('Massachusetts', 16, 12602.0, 225980.0)
('Pennsylvania', 16, 10037.0, 199859.0)
('Virginia', 16, 3263.0, 49393.0)
('Colorado', 16, 2427.0, 60797.0)
('Michigan', 16, 6853.0, 201370.0)
('Arkansas', 16, 501.0, 11445.0)
('Nebraska', 16, 663.0, 7925.0)
('Hawaii', 16, 82.0, 3761.0)
('Northern Mariana Islands', 16, 3.0, 92.0)
('California', 16, 8221.0, 197112.0)
('Vermont', 16, 85.0, 5421.0)
('Arizona', 16, 1390.0, 29859.0)
('South Dakota', 16, 906.0, 8920.0)
('Guam', 16, 92.0, 5389.0)
('North Carolina', 16, 1973.0, 38858.0)
('Nevada', 16, 856.0, 23566.0)
('Alabama', 16, 1320.0, 30601.0)
('Mississippi', 16, 1493.0, 25054.0)
('Texas', 16, 5665.0, 119323.0)
('New Hampshire', 16, 407.0, 8482.0)
('North Dakota', 16, 277.0, 2982.0)
('New York', 16, 55316.0, 1566815.0)
('Oregon', 16, 383.0, 12155.0)
('New Jersey', 16, 23451.0, 524943.0)
('Missouri', 16, 1507.0, 35547.0)
('Kentucky', 16, 997.0, 17171.0)
('Minnesota', 16, 735.0, 13706.0)
('Rhode Island', 16, 2041.0, 26968.0)
('Oklahoma', 16, 629.0, 16507.0)
('Florida', 16, 6451.0, 165024.0)
('District of Columbia', 16, 918.0, 16495.0)
('Wisconsin', 16, 1005.0, 27169.0)
('Iowa', 16, 1328.0, 15505.0)
('Montana', 16, 46.0, 2893.0)
('Delaware', 16, 900.0, 15175.0)
('Ohio', 16, 4997.0, 61391.0)
('Washington', 16, 1683.0, 78437.0)
('Indiana', 16, 3311.0, 67813.0)
('Wyoming', 16, 54.0, 2766.0)
('Maryland', 16, 4667.0, 76267.0)
('New York', 17, 46173.0, 1893096.0)
('Oregon', 17, 401.0, 14885.0)
('Tennessee', 17, 2611.0, 57132.0)
('Vermont', 17, 39.0, 5803.0)
('Missouri', 17, 1332.0, 44654.0)
('Florida', 17, 5215.0, 205728.0)
('Alaska', 17, 22.0, 2327.0)
('Kansas', 17, 1301.0, 18192.0)
('Nebraska', 17, 1661.0, 15886.0)
('Washington', 17, 1880.0, 90758.0)
('Wyoming', 17, 80.0, 3220.0)
('Delaware', 17, 1496.0, 23236.0)
('Hawaii', 17, 25.0, 4125.0)
('Arizona', 17, 1597.0, 40394.0)
('Texas', 17, 5768.0, 158812.0)
('Georgia', 17, 4840.0, 144899.0)
('Illinois', 17, 13546.0, 261948.0)
('Maine', 17, 148.0, 6577.0)
('District of Columbia', 17, 1048.0, 23660.0)
('Louisiana', 17, 2904.0, 180094.0)
('Arkansas', 17, 1220.0, 17944.0)
('Maryland', 17, 5772.0, 111859.0)
('Alabama', 17, 1518.0, 40507.0)
('Nevada', 17, 938.0, 29631.0)
('California', 17, 12147.0, 274462.0)
('Kentucky', 17, 1114.0, 24922.0)
('Virginia', 17, 4435.0, 76811.0)
('Pennsylvania', 17, 9717.0, 269119.0)
('Connecticut', 17, 7307.0, 159516.0)
('West Virginia', 17, 164.0, 6846.0)
('South Carolina', 17, 1113.0, 34538.0)
('Michigan', 17, 6654.0, 246024.0)
('New Mexico', 17, 883.0, 16546.0)
('South Dakota', 17, 578.0, 13654.0)
('New Jersey', 17, 23737.0, 693804.0)
('Mississippi', 17, 1637.0, 36338.0)
('Iowa', 17, 2574.0, 29577.0)
('New Hampshire', 17, 472.0, 11573.0)
('Virgin Islands', 17, 6.0, 387.0)
('Northern Mariana Islands', 17, 0.0, 98.0)
('Colorado', 17, 3710.0, 81355.0)
('Utah', 17, 1052.0, 25441.0)
('Minnesota', 17, 1246.0, 20933.0)
('North Carolina', 17, 2337.0, 53973.0)
('North Dakota', 17, 282.0, 5077.0)
('Massachusetts', 17, 16861.0, 329064.0)
('Idaho', 17, 225.0, 12794.0)
('Oklahoma', 17, 654.0, 20964.0)
('Rhode Island', 17, 2733.0, 43954.0)
('Guam', 17, 189.0, 6544.0)
('Indiana', 17, 3886.0, 93371.0)
('Ohio', 17, 4361.0, 102174.0)
('Montana', 17, 15.0, 3088.0)
('Wisconsin', 17, 1640.0, 36474.0)
('Northern Mariana Islands', 18, 0.0, 98.0)
('Kansas', 18, 1979.0, 29674.0)
('Vermont', 18, 46.0, 6107.0)
('Ohio', 18, 3951.0, 126416.0)
('Virgin Islands', 18, 7.0, 451.0)
('Oklahoma', 18, 719.0, 25352.0)
('Alaska', 18, 27.0, 2489.0)
('Rhode Island', 18, 2038.0, 60230.0)
('Connecticut', 18, 4018.0, 194114.0)
('California', 18, 11381.0, 352295.0)
('Washington', 18, 2199.0, 103887.0)
('North Dakota', 18, 324.0, 7484.0)
('Hawaii', 18, 12.0, 4248.0)
('North Carolina', 18, 2838.0, 73161.0)
('Oregon', 18, 369.0, 17589.0)
('Iowa', 18, 3679.0, 51925.0)
('Colorado', 18, 3087.0, 106236.0)
('South Carolina', 18, 1136.0, 42697.0)
('Illinois', 18, 17596.0, 373317.0)
('Kentucky', 18, 1149.0, 32750.0)
('Georgia', 18, 5159.0, 177889.0)
('Arkansas', 18, 430.0, 22797.0)
('New York', 18, 28919.0, 2165499.0)
('Louisiana', 18, 2551.0, 197507.0)
('Idaho', 18, 162.0, 14024.0)
('District of Columbia', 18, 1175.0, 30786.0)
('Tennessee', 18, 3436.0, 77502.0)
('Guam', 18, 121.0, 7806.0)
('Missouri', 18, 1458.0, 53914.0)
('Mississippi', 18, 1639.0, 48023.0)
('Wyoming', 18, 84.0, 3890.0)
('Montana', 18, 6.0, 3163.0)
('Delaware', 18, 1174.0, 33290.0)
('Arizona', 18, 2114.0, 53480.0)
('Maryland', 18, 6897.0, 156236.0)
('New Jersey', 18, 17706.0, 831611.0)
('Massachusetts', 18, 13149.0, 435895.0)
('New Mexico', 18, 1120.0, 23519.0)
('Texas', 18, 7090.0, 203816.0)
('Nebraska', 18, 2578.0, 31164.0)
('Indiana', 18, 5080.0, 127265.0)
('Michigan', 18, 6017.0, 289059.0)
('Utah', 18, 1052.0, 32735.0)
('Pennsylvania', 18, 9370.0, 336380.0)
('Virginia', 18, 5702.0, 111994.0)
('Florida', 18, 4549.0, 238081.0)
('West Virginia', 18, 142.0, 7943.0)
('Wisconsin', 18, 2103.0, 49460.0)
('Alabama', 18, 1467.0, 50075.0)
('Minnesota', 18, 3061.0, 36398.0)
('Maine', 18, 171.0, 7674.0)
('Nevada', 18, 819.0, 35619.0)
('South Dakota', 18, 417.0, 17127.0)
('New Hampshire', 18, 654.0, 15405.0)
('Idaho', 19, 173.0, 15236.0)
('Missouri', 19, 1452.0, 65484.0)
('Pennsylvania', 19, 7958.0, 394296.0)
('South Carolina', 19, 1027.0, 50227.0)
('Vermont', 19, 29.0, 6399.0)
('Iowa', 19, 2793.0, 76364.0)
('District of Columbia', 19, 1256.0, 39880.0)
('Kentucky', 19, 1263.0, 42564.0)
('Louisiana', 19, 2290.0, 215103.0)
('Mississippi', 19, 1951.0, 61163.0)
('Rhode Island', 19, 1797.0, 73362.0)
('Colorado', 19, 3068.0, 127620.0)
('New Jersey', 19, 11788.0, 935458.0)
('Washington', 19, 1838.0, 119228.0)
('Hawaii', 19, 10.0, 4322.0)
('Florida', 19, 4518.0, 270906.0)
('Oregon', 19, 548.0, 20959.0)
('West Virginia', 19, 167.0, 9078.0)
('Virgin Islands', 19, 3.0, 473.0)
('Ohio', 19, 4172.0, 155951.0)
('Illinois', 19, 16163.0, 496053.0)
('Delaware', 19, 1239.0, 41183.0)
('Minnesota', 19, 4607.0, 65174.0)
('Massachusetts', 19, 9706.0, 514973.0)
('Wyoming', 19, 76.0, 4425.0)
('Connecticut', 19, 4267.0, 222322.0)
('Guam', 19, 2.0, 7832.0)
('Oklahoma', 19, 617.0, 30205.0)
('Nevada', 19, 647.0, 41002.0)
('Michigan', 19, 3096.0, 319279.0)
('Tennessee', 19, 2167.0, 98694.0)
('Maine', 19, 250.0, 9233.0)
('New York', 19, 18824.0, 2328332.0)
('Alaska', 19, 12.0, 2611.0)
('South Dakota', 19, 887.0, 21125.0)
('Indiana', 19, 4366.0, 159998.0)
('Arizona', 19, 2479.0, 70481.0)
('Texas', 19, 7738.0, 256372.0)
('Northern Mariana Islands', 19, 2.0, 105.0)
('Nebraska', 19, 2616.0, 50917.0)
('Georgia', 19, 4649.0, 212311.0)
('North Dakota', 19, 300.0, 9565.0)
('Montana', 19, 4.0, 3198.0)
('California', 19, 12979.0, 437940.0)
('North Carolina', 19, 3115.0, 93417.0)
('Kansas', 19, 1868.0, 43864.0)
('New Mexico', 19, 1013.0, 31263.0)
('Alabama', 19, 2001.0, 63228.0)
('Virginia', 19, 5410.0, 151199.0)
('Arkansas', 19, 581.0, 25805.0)
('New Hampshire', 19, 553.0, 19837.0)
('Utah', 19, 1076.0, 40377.0)
('Maryland', 19, 7132.0, 206388.0)
('Wisconsin', 19, 2290.0, 65707.0)
('Vermont', 20, 14.0, 6521.0)
('Arkansas', 20, 747.0, 30609.0)
('North Carolina', 20, 3754.0, 116650.0)
('Oklahoma', 20, 721.0, 34791.0)
('Mississippi', 20, 1795.0, 73375.0)
('Florida', 20, 4992.0, 302998.0)
('Maine', 20, 251.0, 10957.0)
('South Dakota', 20, 470.0, 26634.0)
('Louisiana', 20, 2825.0, 232864.0)
('Arizona', 20, 2818.0, 88703.0)
('Rhode Island', 20, 1400.0, 84242.0)
('Utah', 20, 987.0, 47438.0)
('Hawaii', 20, 9.0, 4388.0)
('Minnesota', 20, 4407.0, 95536.0)
('Tennessee', 20, 2331.0, 115561.0)
('California', 20, 12314.0, 525143.0)
('Iowa', 20, 2689.0, 95277.0)
('Texas', 20, 8791.0, 316008.0)
('Massachusetts', 20, 8217.0, 574837.0)
('South Carolina', 20, 1163.0, 57822.0)
('Nevada', 20, 815.0, 46027.0)
('Georgia', 20, 3687.0, 240898.0)
('New Jersey', 20, 7802.0, 1000280.0)
('District of Columbia', 20, 851.0, 47230.0)
('Kentucky', 20, 1373.0, 51356.0)
('Washington', 20, 1733.0, 131888.0)
('Maryland', 20, 6227.0, 252713.0)
('Michigan', 20, 3938.0, 344720.0)
('West Virginia', 20, 129.0, 9999.0)
('Alaska', 20, 18.0, 2709.0)
('New Hampshire', 20, 525.0, 23696.0)
('Alabama', 20, 1882.0, 77247.0)
('Illinois', 20, 16782.0, 612803.0)
('Idaho', 20, 189.0, 16461.0)
('Montana', 20, 10.0, 3246.0)
('North Dakota', 20, 409.0, 11957.0)
('Delaware', 20, 1223.0, 50071.0)
('Northern Mariana Islands', 20, 5.0, 137.0)
('Colorado', 20, 2314.0, 145871.0)
('Wyoming', 20, 92.0, 4944.0)
('Oregon', 20, 395.0, 24316.0)
('Pennsylvania', 20, 5708.0, 442467.0)
('Kansas', 20, 1021.0, 53864.0)
('Virgin Islands', 20, 0.0, 483.0)
('Connecticut', 20, 3865.0, 248624.0)
('Nebraska', 20, 2020.0, 66124.0)
('Wisconsin', 20, 2375.0, 81224.0)
('Missouri', 20, 1163.0, 73438.0)
('Indiana', 20, 3786.0, 187100.0)
('Virginia', 20, 6307.0, 194172.0)
('New Mexico', 20, 1075.0, 38595.0)
('Guam', 20, 3.0, 7852.0)
('Ohio', 20, 3839.0, 184489.0)
('New York', 20, 14380.0, 2439116.0)
('South Dakota', 21, 576.0, 29853.0)
('Mississippi', 21, 1956.0, 86206.0)
('Guam', 21, 12.0, 7917.0)
('Texas', 21, 7222.0, 372548.0)
('California', 21, 14377.0, 618896.0)
('Wyoming', 21, 59.0, 5559.0)
('North Dakota', 21, 518.0, 15349.0)
('North Carolina', 21, 4694.0, 147661.0)
('Maine', 21, 368.0, 13166.0)
('Wisconsin', 21, 2819.0, 99600.0)
('South Carolina', 21, 1280.0, 66181.0)
('Colorado', 21, 2231.0, 162086.0)
('Delaware', 21, 1139.0, 58514.0)
('Kentucky', 21, 1049.0, 59399.0)
('Kansas', 21, 1069.0, 61681.0)
('Georgia', 21, 5035.0, 272110.0)
('District of Columbia', 21, 987.0, 54012.0)
('Massachusetts', 21, 6665.0, 629257.0)
('Connecticut', 21, 3049.0, 274901.0)
('Iowa', 21, 2783.0, 113131.0)
('New Hampshire', 21, 553.0, 27428.0)
('Virginia', 21, 5856.0, 237273.0)
('Vermont', 21, 16.0, 6640.0)
('Virgin Islands', 21, 0.0, 483.0)
('Illinois', 21, 16181.0, 723135.0)
('Nevada', 21, 951.0, 52119.0)
('Arizona', 21, 2402.0, 106935.0)
('Utah', 21, 1154.0, 55216.0)
('Michigan', 21, 3562.0, 373431.0)
('Northern Mariana Islands', 21, 1.0, 151.0)
('Idaho', 21, 229.0, 17842.0)
('Hawaii', 21, 3.0, 4429.0)
('Missouri', 21, 1045.0, 81594.0)
('Pennsylvania', 21, 5911.0, 484546.0)
('Nebraska', 21, 1785.0, 79795.0)
('Montana', 21, 11.0, 3335.0)
('Louisiana', 21, 2795.0, 253565.0)
('New York', 21, 11309.0, 2528665.0)
('Washington', 21, 1475.0, 142389.0)
('Indiana', 21, 3732.0, 213948.0)
('Arkansas', 21, 1163.0, 37506.0)
('Minnesota', 21, 4905.0, 128748.0)
('Oklahoma', 21, 727.0, 39945.0)
('Florida', 21, 5279.0, 339921.0)
('Rhode Island', 21, 1391.0, 94426.0)
('Alaska', 21, 12.0, 2824.0)
('Ohio', 21, 3986.0, 211127.0)
('New Jersey', 21, 7820.0, 1058900.0)
('Maryland', 21, 7999.0, 304699.0)
('Oregon', 21, 304.0, 26710.0)
('West Virginia', 21, 281.0, 11391.0)
('Alabama', 21, 2707.0, 93225.0)
('New Mexico', 21, 1029.0, 45461.0)
('Tennessee', 21, 2725.0, 132817.0)
('Maryland', 22, 6537.0, 353169.0)
('Utah', 22, 1437.0, 63468.0)
('Mississippi', 22, 2249.0, 101125.0)
('Connecticut', 22, 1733.0, 291008.0)
('New Jersey', 22, 6291.0, 1104196.0)
('Wyoming', 22, 90.0, 6121.0)
('North Dakota', 22, 162.0, 17465.0)
('West Virginia', 22, 239.0, 13441.0)
('Alaska', 22, 60.0, 3021.0)
('Oregon', 22, 316.0, 28606.0)
('Maine', 22, 270.0, 15342.0)
('Nebraska', 22, 1968.0, 92867.0)
('Minnesota', 22, 4278.0, 161325.0)
('Montana', 22, 36.0, 3437.0)
('North Carolina', 22, 5455.0, 181770.0)
('Wisconsin', 22, 3111.0, 121509.0)
('Texas', 22, 8924.0, 424431.0)
('South Carolina', 22, 1765.0, 76391.0)
('New Mexico', 22, 723.0, 51578.0)
('Kentucky', 22, 1095.0, 66409.0)
('California', 22, 18371.0, 733142.0)
('Florida', 22, 5296.0, 375948.0)
('Guam', 22, 9.0, 7981.0)
('Arkansas', 22, 1331.0, 46067.0)
('Alabama', 22, 3474.0, 115540.0)
('New Hampshire', 22, 502.0, 30791.0)
('Indiana', 22, 3278.0, 237364.0)
('Pennsylvania', 22, 4562.0, 520267.0)
('Colorado', 22, 2315.0, 176750.0)
('Virgin Islands', 22, 1.0, 485.0)
('Oklahoma', 22, 469.0, 43988.0)
('Arizona', 22, 3597.0, 126025.0)
('Georgia', 22, 4062.0, 302831.0)
('Ohio', 22, 3603.0, 237950.0)
('District of Columbia', 22, 691.0, 59513.0)
('Michigan', 22, 2739.0, 392136.0)
('Hawaii', 22, 9.0, 4459.0)
('Delaware', 22, 689.0, 64454.0)
('Northern Mariana Islands', 22, 0.0, 154.0)
('Virginia', 22, 8363.0, 289470.0)
('Idaho', 22, 205.0, 19363.0)
('Tennessee', 22, 2716.0, 152323.0)
('Rhode Island', 22, 863.0, 101504.0)
('New York', 22, 9229.0, 2600808.0)
('Massachusetts', 22, 4290.0, 664857.0)
('Louisiana', 22, 2728.0, 272379.0)
('Missouri', 22, 1183.0, 89536.0)
('South Dakota', 22, 430.0, 33561.0)
('Nevada', 22, 742.0, 57937.0)
('Washington', 22, 1825.0, 154528.0)
('Illinois', 22, 10047.0, 814146.0)
('Kansas', 22, 743.0, 67141.0)
('Vermont', 22, 25.0, 6807.0)
('Iowa', 22, 2187.0, 130721.0)
('Arkansas', 23, 2173.0, 58931.0)
('Maryland', 23, 5137.0, 395072.0)
('Vermont', 23, 82.0, 7123.0)
('South Carolina', 23, 2425.0, 91874.0)
('Mississippi', 23, 1769.0, 115727.0)
('Northern Mariana Islands', 23, 5.0, 174.0)
('Arizona', 23, 6988.0, 163246.0)
('Indiana', 23, 2899.0, 259182.0)
('Oklahoma', 23, 645.0, 48192.0)
('New Mexico', 23, 1250.0, 58729.0)
('Nebraska', 23, 1533.0, 105495.0)
('Virgin Islands', 23, 1.0, 495.0)
('Illinois', 23, 7482.0, 875976.0)
('Louisiana', 23, 2906.0, 291850.0)
('District of Columbia', 23, 531.0, 63679.0)
('Pennsylvania', 23, 3783.0, 548764.0)
('North Dakota', 23, 284.0, 19099.0)
('Virginia', 23, 6074.0, 335008.0)
('Maine', 23, 245.0, 17166.0)
('Montana', 23, 30.0, 3728.0)
('Idaho', 23, 298.0, 21290.0)
('Oregon', 23, 566.0, 31581.0)
('Delaware', 23, 444.0, 68308.0)
('Missouri', 23, 1688.0, 99810.0)
('Texas', 23, 10974.0, 499271.0)
('Rhode Island', 23, 513.0, 106970.0)
('New Jersey', 23, 3719.0, 1138454.0)
('New Hampshire', 23, 392.0, 34120.0)
('North Carolina', 23, 6977.0, 226598.0)
('Wyoming', 23, 44.0, 6477.0)
('Kentucky', 23, 1456.0, 75506.0)
('Nevada', 23, 1045.0, 64100.0)
('Michigan', 23, 7260.0, 427875.0)
('Ohio', 23, 2963.0, 260753.0)
('Florida', 23, 7775.0, 421352.0)
('Georgia', 23, 4320.0, 332653.0)
('Wisconsin', 23, 2562.0, 141269.0)
('Iowa', 23, 2173.0, 145778.0)
('Utah', 23, 2255.0, 76973.0)
('Tennessee', 23, 3979.0, 177107.0)
('West Virginia', 23, 134.0, 14662.0)
('Hawaii', 23, 21.0, 4549.0)
('Washington', 23, 2250.0, 169032.0)
('Kansas', 23, 671.0, 72418.0)
('California', 23, 18883.0, 864702.0)
('South Dakota', 23, 445.0, 36590.0)
('Alabama', 23, 2548.0, 135158.0)
('Minnesota', 23, 3037.0, 185301.0)
('Connecticut', 23, 1767.0, 303295.0)
('Massachusetts', 23, 6471.0, 714748.0)
('Alaska', 23, 120.0, 3763.0)
('Colorado', 23, 1623.0, 191151.0)
('Guam', 23, 4.0, 8028.0)
('New York', 23, 7304.0, 2659302.0)
('Wyoming', 24, 113.0, 7056.0)
('South Dakota', 24, 460.0, 39736.0)
('Northern Mariana Islands', 24, 3.0, 208.0)
('Vermont', 24, 64.0, 7735.0)
('Louisiana', 24, 3805.0, 313852.0)
('Oregon', 24, 835.0, 36880.0)
('Kentucky', 24, 1259.0, 85358.0)
('Texas', 24, 13594.0, 585833.0)
('Guam', 24, 6.0, 8060.0)
('Idaho', 24, 260.0, 23154.0)
('New York', 24, 5217.0, 2700474.0)
('Maryland', 24, 3735.0, 425029.0)
('Alabama', 24, 5115.0, 161107.0)
('New Jersey', 24, 2717.0, 1160105.0)
('Florida', 24, 11630.0, 487379.0)
('North Dakota', 24, 219.0, 20877.0)
('Alaska', 24, 145.0, 4679.0)
('California', 24, 20956.0, 1006052.0)
('Virginia', 24, 3825.0, 369399.0)
('Rhode Island', 24, 506.0, 110792.0)
('Nebraska', 24, 1167.0, 113862.0)
('Minnesota', 24, 2605.0, 205547.0)
('West Virginia', 24, 146.0, 15563.0)
('Arkansas', 24, 3075.0, 77147.0)
('District of Columbia', 24, 435.0, 67119.0)
('Massachusetts', 24, 2167.0, 732395.0)
('Virgin Islands', 24, 2.0, 504.0)
('Oklahoma', 24, 1080.0, 53828.0)
('New Hampshire', 24, 275.0, 36466.0)
('Ohio', 24, 2672.0, 279998.0)
('Washington', 24, 2071.0, 184132.0)
('Georgia', 24, 5503.0, 366814.0)
('Utah', 24, 2229.0, 93420.0)
('Wisconsin', 24, 4061.0, 166769.0)
('Tennessee', 24, 3549.0, 201235.0)
('Connecticut', 24, 1120.0, 311850.0)
('Indiana', 24, 2573.0, 278099.0)
('Maine', 24, 223.0, 18769.0)
('Illinois', 24, 5565.0, 921809.0)
('New Mexico', 24, 783.0, 65655.0)
('Mississippi', 24, 2246.0, 130798.0)
('Delaware', 24, 322.0, 70820.0)
('Pennsylvania', 24, 3300.0, 573617.0)
('Iowa', 24, 2165.0, 161424.0)
('Montana', 24, 56.0, 3988.0)
('Colorado', 24, 1128.0, 200542.0)
('North Carolina', 24, 8536.0, 280591.0)
('Hawaii', 24, 53.0, 4808.0)
('Michigan', 24, 1631.0, 459256.0)
('Kansas', 24, 698.0, 77019.0)
('Missouri', 24, 1399.0, 110963.0)
('Arizona', 24, 9029.0, 221556.0)
('Nevada', 24, 1526.0, 73436.0)
('South Carolina', 24, 4510.0, 116149.0)
('Oklahoma', 25, 2284.0, 65577.0)
('Delaware', 25, 511.0, 73753.0)
('Alabama', 25, 4406.0, 197274.0)
('Virginia', 25, 3488.0, 394460.0)
('Connecticut', 25, 667.0, 318480.0)
('South Dakota', 25, 399.0, 42733.0)
('Wyoming', 25, 137.0, 7975.0)
('Idaho', 25, 613.0, 26295.0)
('Michigan', 25, 1627.0, 469336.0)
('Nevada', 25, 2037.0, 85743.0)
('North Carolina', 25, 8655.0, 341438.0)
('Northern Mariana Islands', 25, 0.0, 210.0)
('Illinois', 25, 4435.0, 953216.0)
('Ohio', 25, 3660.0, 301931.0)
('West Virginia', 25, 253.0, 16968.0)
('Washington', 25, 2662.0, 200767.0)
('Arizona', 25, 16713.0, 310971.0)
('Oregon', 25, 1301.0, 44786.0)
('South Carolina', 25, 5897.0, 152590.0)
('District of Columbia', 25, 253.0, 69323.0)
('Montana', 25, 116.0, 4589.0)
('Wisconsin', 25, 2291.0, 185962.0)
('Louisiana', 25, 3158.0, 341368.0)
('Indiana', 25, 2595.0, 297150.0)
('Mississippi', 25, 1500.0, 144680.0)
('New Jersey', 25, 2261.0, 1176811.0)
('Guam', 25, 37.0, 8180.0)
('Kentucky', 25, 1267.0, 93691.0)
('Maine', 25, 164.0, 20151.0)
('Vermont', 25, 32.0, 7975.0)
('Nebraska', 25, 1009.0, 121640.0)
('Hawaii', 25, 86.0, 5304.0)
('Tennessee', 25, 4545.0, 229829.0)
('New Hampshire', 25, 226.0, 38143.0)
('Kansas', 25, 1011.0, 83416.0)
('Iowa', 25, 2061.0, 174944.0)
('Missouri', 25, 2168.0, 122768.0)
('Alaska', 25, 125.0, 5585.0)
('Texas', 25, 25344.0, 723644.0)
('Colorado', 25, 1409.0, 209285.0)
('Arkansas', 25, 3060.0, 98976.0)
('Minnesota', 25, 2450.0, 222186.0)
('Florida', 25, 21723.0, 606860.0)
('Maryland', 25, 2575.0, 446679.0)
('Rhode Island', 25, 390.0, 113750.0)
('Utah', 25, 3254.0, 112638.0)
('Pennsylvania', 25, 2723.0, 593921.0)
('California', 25, 25854.0, 1169813.0)
('New Mexico', 25, 842.0, 71251.0)
('Georgia', 25, 6619.0, 408343.0)
('New York', 25, 4606.0, 2734583.0)
('North Dakota', 25, 211.0, 22383.0)
('Virgin Islands', 25, 3.0, 519.0)
('Massachusetts', 25, 1458.0, 744795.0)
('Delaware', 26, 451.0, 76870.0)
('Kentucky', 26, 1561.0, 103561.0)
('West Virginia', 26, 288.0, 18827.0)
('South Carolina', 26, 8627.0, 204827.0)
('Tennessee', 26, 5226.0, 264350.0)
('District of Columbia', 26, 228.0, 71088.0)
('Illinois', 26, 4963.0, 986322.0)
('Pennsylvania', 26, 3761.0, 618089.0)
('Indiana', 26, 2575.0, 313762.0)
('New Mexico', 26, 1251.0, 78550.0)
('Wyoming', 26, 220.0, 9269.0)
('California', 26, 38148.0, 1408396.0)
('Connecticut', 26, 548.0, 322156.0)
('Arizona', 26, 21295.0, 447457.0)
('Missouri', 26, 2750.0, 140165.0)
('Utah', 26, 3588.0, 137056.0)
('New York', 26, 4591.0, 2766644.0)
('Wisconsin', 26, 3118.0, 204561.0)
('Northern Mariana Islands', 26, 0.0, 210.0)
('Guam', 26, 26.0, 8450.0)
('Alaska', 26, 201.0, 6759.0)
('Michigan', 26, 2169.0, 483704.0)
('Montana', 26, 146.0, 5590.0)
('Nevada', 26, 3951.0, 105950.0)
('Vermont', 26, 43.0, 8302.0)
('North Dakota', 26, 210.0, 23818.0)
('Alabama', 26, 5420.0, 231528.0)
('South Dakota', 26, 384.0, 45419.0)
('Washington', 26, 3544.0, 223480.0)
('Virginia', 26, 3742.0, 420472.0)
('Florida', 26, 43784.0, 823276.0)
('North Carolina', 26, 9324.0, 404613.0)
('Oklahoma', 26, 2429.0, 83146.0)
('Oregon', 26, 1403.0, 53965.0)
('Nebraska', 26, 1169.0, 128813.0)
('Idaho', 26, 1516.0, 34209.0)
('Iowa', 26, 2500.0, 191519.0)
('Hawaii', 26, 81.0, 5857.0)
('Colorado', 26, 1766.0, 220244.0)
('Arkansas', 26, 4257.0, 126066.0)
('Mississippi', 26, 5258.0, 169621.0)
('Rhode Island', 26, 324.0, 116221.0)
('Texas', 26, 37980.0, 956552.0)
('New Hampshire', 26, 203.0, 39500.0)
('Kansas', 26, 1758.0, 93064.0)
('Maine', 26, 234.0, 21499.0)
('Massachusetts', 26, 1606.0, 755277.0)
('Georgia', 26, 11307.0, 474776.0)
('Louisiana', 26, 6459.0, 374291.0)
('Virgin Islands', 26, 5.0, 558.0)
('Ohio', 26, 5501.0, 334476.0)
('Minnesota', 26, 2632.0, 240019.0)
('Maryland', 26, 2457.0, 464231.0)
('New Jersey', 26, 3894.0, 1199292.0)
('Arkansas', 27, 3996.0, 153951.0)
('Montana', 27, 349.0, 7492.0)
('California', 27, 54632.0, 1737171.0)
('Vermont', 27, 47.0, 8576.0)
('Washington', 27, 4127.0, 250440.0)
('Idaho', 27, 2449.0, 47225.0)
('Iowa', 27, 3092.0, 211313.0)
('Delaware', 27, 902.0, 82138.0)
('Colorado', 27, 1810.0, 233147.0)
('District of Columbia', 27, 234.0, 72738.0)
('South Dakota', 27, 382.0, 48268.0)
('South Carolina', 27, 11527.0, 278428.0)
('New Hampshire', 27, 150.0, 40791.0)
('New Mexico', 27, 1447.0, 88020.0)
('New York', 27, 4529.0, 2797907.0)
('Alabama', 27, 8512.0, 282973.0)
('Utah', 27, 3850.0, 164304.0)
('North Carolina', 27, 10918.0, 479365.0)
('Minnesota', 27, 2589.0, 259729.0)
('New Jersey', 27, 2222.0, 1219386.0)
('Maine', 27, 224.0, 23279.0)
('Michigan', 27, 2985.0, 502373.0)
('Ohio', 27, 8142.0, 378457.0)
('Pennsylvania', 27, 4618.0, 648089.0)
('Nevada', 27, 5331.0, 140642.0)
('Connecticut', 27, 414.0, 326245.0)
('Northern Mariana Islands', 27, 1.0, 213.0)
('Nebraska', 27, 1076.0, 136482.0)
('Tennessee', 27, 10234.0, 322218.0)
('Maryland', 27, 2597.0, 482609.0)
('Oregon', 27, 1889.0, 65384.0)
('Hawaii', 27, 118.0, 6566.0)
('Kansas', 27, 2273.0, 108034.0)
('Rhode Island', 27, 330.0, 118344.0)
('Indiana', 27, 3132.0, 333709.0)
('Alaska', 27, 311.0, 8609.0)
('Wisconsin', 27, 4034.0, 230567.0)
('Florida', 27, 59036.0, 1195579.0)
('Louisiana', 27, 8985.0, 429475.0)
('Kentucky', 27, 1232.0, 114133.0)
('Oklahoma', 27, 2985.0, 102218.0)
('Missouri', 27, 3080.0, 161718.0)
('Virgin Islands', 27, 31.0, 699.0)
('Arizona', 27, 24165.0, 610284.0)
('North Dakota', 27, 321.0, 25767.0)
('Massachusetts', 27, 1307.0, 765571.0)
('Mississippi', 27, 5001.0, 201744.0)
('Texas', 27, 47271.0, 1268438.0)
('Guam', 27, 40.0, 8710.0)
('Virginia', 27, 4012.0, 447164.0)
('West Virginia', 27, 504.0, 21471.0)
('Illinois', 27, 5613.0, 1024668.0)
('Wyoming', 27, 217.0, 10823.0)
('Georgia', 27, 16689.0, 576320.0)
('Kentucky', 28, 3050.0, 130432.0)
('Vermont', 28, 47.0, 8889.0)
('New Jersey', 28, 1987.0, 1234130.0)
('Minnesota', 28, 4146.0, 282337.0)
('New Hampshire', 28, 157.0, 41840.0)
('Nevada', 28, 5227.0, 176829.0)
('Wyoming', 28, 228.0, 12391.0)
('North Carolina', 28, 12735.0, 559910.0)
('Guam', 28, 24.0, 8937.0)
('Arkansas', 28, 4553.0, 183097.0)
('New Mexico', 28, 1772.0, 99852.0)
('Texas', 28, 64674.0, 1670694.0)
('Alaska', 28, 401.0, 10824.0)
('Hawaii', 28, 196.0, 7774.0)
('Pennsylvania', 28, 5391.0, 683244.0)
('Maryland', 28, 3748.0, 504243.0)
('Oregon', 28, 1933.0, 78708.0)
('Arizona', 28, 24353.0, 787611.0)
('Nebraska', 28, 1277.0, 144435.0)
('Montana', 28, 546.0, 10441.0)
('Kansas', 28, 3006.0, 127154.0)
('Utah', 28, 4547.0, 193484.0)
('Connecticut', 28, 570.0, 330187.0)
('Massachusetts', 28, 1623.0, 776079.0)
('Iowa', 28, 3798.0, 234286.0)
('Colorado', 28, 2833.0, 249598.0)
('Michigan', 28, 3909.0, 526627.0)
('South Carolina', 28, 11801.0, 357098.0)
('Tennessee', 28, 10741.0, 394750.0)
('Florida', 28, 69700.0, 1645159.0)
('District of Columbia', 28, 365.0, 74796.0)
('Alabama', 28, 9634.0, 342841.0)
('Virgin Islands', 28, 94.0, 1089.0)
('Illinois', 28, 6625.0, 1066072.0)
('Washington', 28, 4713.0, 282207.0)
('California', 28, 56089.0, 2124666.0)
('Northern Mariana Islands', 28, 2.0, 221.0)
('Delaware', 28, 676.0, 87899.0)
('New York', 28, 4581.0, 2830216.0)
('Idaho', 28, 3173.0, 67034.0)
('Indiana', 28, 3689.0, 357374.0)
('Louisiana', 28, 12896.0, 507052.0)
('Rhode Island', 28, 321.0, 120528.0)
('Virginia', 28, 4922.0, 477588.0)
('Maine', 28, 124.0, 24367.0)
('West Virginia', 28, 909.0, 26853.0)
('Wisconsin', 28, 5151.0, 262446.0)
('Georgia', 28, 18900.0, 698513.0)
('Missouri', 28, 4839.0, 189942.0)
('North Dakota', 28, 513.0, 28553.0)
('Oklahoma', 28, 4307.0, 129077.0)
('Ohio', 28, 8441.0, 431034.0)
('Mississippi', 28, 5387.0, 236278.0)
('South Dakota', 28, 436.0, 51200.0)
('Vermont', 29, 54.0, 9271.0)
('South Dakota', 29, 407.0, 53999.0)
('South Carolina', 29, 13338.0, 448543.0)
('New York', 29, 5112.0, 2865797.0)
('Hawaii', 29, 157.0, 9029.0)
('Wyoming', 29, 264.0, 14168.0)
('Indiana', 29, 5073.0, 388609.0)
('Rhode Island', 29, 481.0, 123805.0)
('Oklahoma', 29, 5031.0, 163198.0)
('New Jersey', 29, 1512.0, 1248128.0)
('Colorado', 29, 3249.0, 271523.0)
('North Carolina', 29, 14010.0, 656191.0)
('Arkansas', 29, 4861.0, 217606.0)
('Montana', 29, 775.0, 15747.0)
('Northern Mariana Islands', 29, 37.0, 253.0)
('California', 29, 63784.0, 2552633.0)
('Ohio', 29, 8040.0, 495794.0)
('Maryland', 29, 4993.0, 534185.0)
('Nevada', 29, 8081.0, 224681.0)
('Virginia', 29, 6760.0, 521279.0)
('North Dakota', 29, 685.0, 32914.0)
('Massachusetts', 29, 1937.0, 788536.0)
('Illinois', 29, 7929.0, 1118095.0)
('Mississippi', 29, 6351.0, 277899.0)
('Arizona', 29, 21165.0, 941736.0)
('Guam', 29, 3.0, 8978.0)
('Michigan', 29, 4999.0, 558528.0)
('West Virginia', 29, 798.0, 32681.0)
('Kansas', 29, 3164.0, 149938.0)
('Texas', 29, 73225.0, 2155713.0)
('Florida', 29, 80236.0, 2206450.0)
('Utah', 29, 4565.0, 224311.0)
('Louisiana', 29, 13586.0, 602063.0)
('Delaware', 29, 715.0, 92297.0)
('Missouri', 29, 5981.0, 227984.0)
('Alaska', 29, 503.0, 14247.0)
('Georgia', 29, 22405.0, 848913.0)
('Washington', 29, 6420.0, 322783.0)
('Tennessee', 29, 15074.0, 489139.0)
('Idaho', 29, 3989.0, 92625.0)
('District of Columbia', 29, 414.0, 77524.0)
('Minnesota', 29, 3925.0, 310994.0)
('Maine', 29, 148.0, 25269.0)
('Connecticut', 29, 606.0, 334105.0)
('New Mexico', 29, 1943.0, 112947.0)
('Alabama', 29, 13424.0, 428291.0)
('New Hampshire', 29, 154.0, 42967.0)
('Wisconsin', 29, 6052.0, 303203.0)
('Nebraska', 29, 1318.0, 154861.0)
('Virgin Islands', 29, 91.0, 1849.0)
('Pennsylvania', 29, 5590.0, 721604.0)
('Iowa', 29, 3403.0, 260553.0)
('Kentucky', 29, 3838.0, 152106.0)
('Oregon', 29, 2416.0, 94674.0)
('Delaware', 30, 771.0, 97753.0)
('New Mexico', 30, 2082.0, 127039.0)
('Pennsylvania', 30, 6389.0, 764614.0)
('Montana', 30, 809.0, 20860.0)
('New York', 30, 4928.0, 2900440.0)
('Nevada', 30, 7093.0, 279182.0)
('Wisconsin', 30, 6732.0, 348490.0)
('Virginia', 30, 7137.0, 569916.0)
('Iowa', 30, 3544.0, 285745.0)
('Idaho', 30, 3303.0, 118129.0)
('Illinois', 30, 9795.0, 1181118.0)
('Rhode Island', 30, 431.0, 126772.0)
('Colorado', 30, 4182.0, 297266.0)
('District of Columbia', 30, 519.0, 81012.0)
('Maryland', 30, 5608.0, 571745.0)
('Connecticut', 30, 883.0, 338934.0)
('Arizona', 30, 18397.0, 1076226.0)
('Massachusetts', 30, 2103.0, 802679.0)
('Guam', 30, 22.0, 9102.0)
('West Virginia', 30, 918.0, 38828.0)
('Utah', 30, 3856.0, 254129.0)
('Northern Mariana Islands', 30, 3.0, 269.0)
('South Dakota', 30, 489.0, 57082.0)
('Virgin Islands', 30, 64.0, 2359.0)
('Michigan', 30, 4815.0, 591799.0)
('Florida', 30, 73808.0, 2740337.0)
('Alabama', 30, 12283.0, 518703.0)
('South Carolina', 30, 11213.0, 536244.0)
('Missouri', 30, 8323.0, 278680.0)
('Maine', 30, 127.0, 26255.0)
('North Dakota', 30, 857.0, 38447.0)
('Hawaii', 30, 304.0, 10431.0)
('New Jersey', 30, 2526.0, 1259865.0)
('Mississippi', 30, 9285.0, 337601.0)
('California', 30, 67878.0, 3022025.0)
('Texas', 30, 57702.0, 2614940.0)
('Vermont', 30, 50.0, 9650.0)
('Kentucky', 30, 4082.0, 181318.0)
('Kansas', 30, 3190.0, 172560.0)
('Georgia', 30, 22682.0, 1004100.0)
('Indiana', 30, 5916.0, 428148.0)
('Washington', 30, 5587.0, 365974.0)
('Minnesota', 30, 4949.0, 342458.0)
('Wyoming', 30, 349.0, 16386.0)
('Tennessee', 30, 15150.0, 591250.0)
('Nebraska', 30, 1969.0, 166545.0)
('Louisiana', 30, 15870.0, 708301.0)
('New Hampshire', 30, 233.0, 44350.0)
('Arkansas', 30, 5395.0, 253940.0)
('Oregon', 30, 2178.0, 110793.0)
('Oklahoma', 30, 6020.0, 197511.0)
('North Carolina', 30, 12961.0, 749701.0)
('Alaska', 30, 825.0, 18946.0)
('Ohio', 30, 9141.0, 561314.0)
('Utah', 31, 3202.0, 278556.0)
('Georgia', 31, 24080.0, 1170769.0)
('Michigan', 31, 5107.0, 628365.0)
('South Dakota', 31, 560.0, 60848.0)
('Iowa', 31, 3366.0, 309301.0)
('Alaska', 31, 882.0, 25031.0)
('South Carolina', 31, 10589.0, 611347.0)
('Minnesota', 31, 4794.0, 376601.0)
('New Hampshire', 31, 194.0, 45828.0)
('Hawaii', 31, 559.0, 13711.0)
('Arizona', 31, 16432.0, 1198778.0)
('Illinois', 31, 10635.0, 1252476.0)
('Montana', 31, 851.0, 26672.0)
('Ohio', 31, 8958.0, 625470.0)
('Kentucky', 31, 4284.0, 211296.0)
('Northern Mariana Islands', 31, 5.0, 293.0)
('New York', 31, 4565.0, 2933238.0)
('Massachusetts', 31, 2821.0, 820000.0)
('Rhode Island', 31, 798.0, 132056.0)
('California', 31, 56599.0, 3450079.0)
('Maryland', 31, 6529.0, 615780.0)
('Mississippi', 31, 8435.0, 399820.0)
('Wisconsin', 31, 6305.0, 392741.0)
('Nevada', 31, 7351.0, 329461.0)
('New Mexico', 31, 1970.0, 142229.0)
('Delaware', 31, 659.0, 102787.0)
('Texas', 31, 59021.0, 3015242.0)
('Pennsylvania', 31, 6265.0, 810254.0)
('Virginia', 31, 7215.0, 622434.0)
('Missouri', 31, 9100.0, 344055.0)
('West Virginia', 31, 894.0, 45206.0)
('Nebraska', 31, 2085.0, 180557.0)
('Oregon', 31, 2333.0, 126936.0)
('Alabama', 31, 12150.0, 601541.0)
('Tennessee', 31, 15474.0, 703901.0)
('Oklahoma', 31, 6915.0, 248964.0)
('Vermont', 31, 26.0, 9881.0)
('Florida', 31, 63277.0, 3225016.0)
('Wyoming', 31, 333.0, 18726.0)
('North Dakota', 31, 784.0, 44414.0)
('Arkansas', 31, 5187.0, 291849.0)
('District of Columbia', 31, 494.0, 84464.0)
('Indiana', 31, 5650.0, 468580.0)
('Louisiana', 31, 12175.0, 801310.0)
('Kansas', 31, 2692.0, 191963.0)
('Washington', 31, 5739.0, 406053.0)
('Connecticut', 31, 1034.0, 346700.0)
('Maine', 31, 144.0, 27231.0)
('Colorado', 31, 3435.0, 324470.0)
('New Jersey', 31, 2942.0, 1281097.0)
('Guam', 31, 22.0, 9257.0)
('Idaho', 31, 3202.0, 141891.0)
('Virgin Islands', 31, 60.0, 2768.0)
('North Carolina', 31, 12479.0, 840996.0)
('Mississippi', 32, 6620.0, 450423.0)
('Louisiana', 32, 11656.0, 888205.0)
('District of Columbia', 32, 479.0, 87667.0)
('South Dakota', 32, 650.0, 64993.0)
('Nebraska', 32, 1728.0, 194225.0)
('Michigan', 32, 4978.0, 663455.0)
('Virginia', 32, 8304.0, 675430.0)
('New York', 32, 4560.0, 2965382.0)
('Delaware', 32, 626.0, 107375.0)
('New Jersey', 32, 2401.0, 1298890.0)
('Washington', 32, 5088.0, 441853.0)
('North Dakota', 32, 936.0, 50411.0)
('Alaska', 32, 489.0, 29715.0)
('Ohio', 32, 7817.0, 682337.0)
('South Carolina', 32, 8647.0, 677524.0)
('Illinois', 32, 12183.0, 1333685.0)
('Montana', 32, 759.0, 32323.0)
('Utah', 32, 2955.0, 300580.0)
('Oregon', 32, 2175.0, 142265.0)
('Nevada', 32, 6008.0, 376508.0)
('Virgin Islands', 32, 126.0, 3528.0)
('Arizona', 32, 8613.0, 1284433.0)
('Pennsylvania', 32, 5274.0, 848544.0)
('Minnesota', 32, 4952.0, 410610.0)
('Texas', 32, 55633.0, 3422478.0)
('Wyoming', 32, 242.0, 20676.0)
('Oklahoma', 32, 5360.0, 288853.0)
('Florida', 32, 45674.0, 3579744.0)
('New Hampshire', 32, 196.0, 47242.0)
('Arkansas', 32, 5573.0, 329532.0)
('Indiana', 32, 6540.0, 510563.0)
('California', 32, 47307.0, 3790826.0)
('New Mexico', 32, 1299.0, 152204.0)
('Wisconsin', 32, 5845.0, 435442.0)
('Alabama', 32, 9890.0, 677417.0)
('Vermont', 32, 33.0, 10100.0)
('Massachusetts', 32, 2582.0, 839419.0)
('Guam', 32, 53.0, 9547.0)
('Missouri', 32, 7318.0, 398618.0)
('Tennessee', 32, 12984.0, 795829.0)
('Idaho', 32, 3332.0, 164022.0)
('Northern Mariana Islands', 32, 3.0, 328.0)
('Georgia', 32, 22591.0, 1328398.0)
('West Virginia', 32, 840.0, 51150.0)
('Colorado', 32, 3000.0, 346758.0)
('Maine', 32, 86.0, 28016.0)
('Maryland', 32, 5230.0, 656336.0)
('Connecticut', 32, 510.0, 351602.0)
('Iowa', 32, 3196.0, 331681.0)
('Kansas', 32, 2804.0, 211762.0)
('North Carolina', 32, 10969.0, 920114.0)
('Kentucky', 32, 4350.0, 241416.0)
('Rhode Island', 32, 716.0, 136942.0)
('Hawaii', 32, 1256.0, 20514.0)
('Missouri', 33, 8598.0, 453376.0)
('Louisiana', 33, 6524.0, 947072.0)
('Alaska', 33, 587.0, 33402.0)
('West Virginia', 33, 870.0, 57083.0)
('New Mexico', 33, 1080.0, 160760.0)
('Idaho', 33, 2996.0, 186854.0)
('North Carolina', 33, 8861.0, 987110.0)
('Mississippi', 33, 4963.0, 490123.0)
('Minnesota', 33, 4259.0, 442251.0)
('Hawaii', 33, 1541.0, 29913.0)
('Texas', 33, 53072.0, 3779187.0)
('Oklahoma', 33, 4780.0, 323213.0)
('Connecticut', 33, 577.0, 355430.0)
('Virgin Islands', 33, 194.0, 4767.0)
('Ohio', 33, 7439.0, 736749.0)
('Florida', 33, 40610.0, 3894073.0)
('Georgia', 33, 20018.0, 1483725.0)
('Arkansas', 33, 3282.0, 360368.0)
('Montana', 33, 799.0, 37857.0)
('New Jersey', 33, 2668.0, 1318000.0)
('Arizona', 33, 6468.0, 1334820.0)
('Guam', 33, 90.0, 10067.0)
('Delaware', 33, 876.0, 112252.0)
('California', 33, 65264.0, 4222386.0)
('Nevada', 33, 5096.0, 413396.0)
('Maryland', 33, 4707.0, 691350.0)
('Washington', 33, 4646.0, 475720.0)
('Nebraska', 33, 1940.0, 207231.0)
('Colorado', 33, 2389.0, 365323.0)
('Pennsylvania', 33, 5763.0, 887625.0)
('Northern Mariana Islands', 33, 2.0, 346.0)
('New Hampshire', 33, 158.0, 48441.0)
('Kansas', 33, 3350.0, 233374.0)
('Rhode Island', 33, 597.0, 141361.0)
('Indiana', 33, 6233.0, 556472.0)
('North Dakota', 33, 991.0, 57120.0)
('South Carolina', 33, 6062.0, 727392.0)
('Vermont', 33, 56.0, 10421.0)
('Wyoming', 33, 236.0, 22016.0)
('Michigan', 33, 5488.0, 699588.0)
('Virginia', 33, 6601.0, 725912.0)
('Kentucky', 33, 4567.0, 273600.0)
('New York', 33, 4658.0, 2997055.0)
('Illinois', 33, 12171.0, 1418870.0)
('Wisconsin', 33, 5411.0, 474626.0)
('Alabama', 33, 7099.0, 739536.0)
('Oregon', 33, 1990.0, 156508.0)
('Maine', 33, 124.0, 28685.0)
('South Dakota', 33, 669.0, 69504.0)
('Tennessee', 33, 10832.0, 878802.0)
('Massachusetts', 33, 2553.0, 856965.0)
('Iowa', 33, 3529.0, 355120.0)
('Utah', 33, 2522.0, 319154.0)
('District of Columbia', 33, 467.0, 91183.0)
('Hawaii', 34, 1558.0, 40884.0)
('New Hampshire', 34, 118.0, 49377.0)
('South Carolina', 34, 5491.0, 766017.0)
('Illinois', 34, 14224.0, 1512387.0)
('District of Columbia', 34, 370.0, 93954.0)
('Maryland', 34, 3846.0, 720173.0)
('Montana', 34, 693.0, 42823.0)
('Kansas', 34, 3231.0, 256635.0)
('Georgia', 34, 17237.0, 1610419.0)
('Massachusetts', 34, 1767.0, 872983.0)
('Arkansas', 34, 3909.0, 383970.0)
('South Dakota', 34, 1002.0, 75355.0)
('Virgin Islands', 34, 243.0, 6157.0)
('Wisconsin', 34, 4959.0, 511424.0)
('New Jersey', 34, 2029.0, 1333299.0)
('Nevada', 34, 4304.0, 447001.0)
('Rhode Island', 34, 687.0, 145996.0)
('Indiana', 34, 5638.0, 597852.0)
('New Mexico', 34, 987.0, 167572.0)
('Vermont', 34, 42.0, 10778.0)
('Connecticut', 34, 622.0, 359825.0)
('Virginia', 34, 6279.0, 770515.0)
('Oregon', 34, 1676.0, 169293.0)
('Guam', 34, 265.0, 11522.0)
('Texas', 34, 38680.0, 4111506.0)
('Delaware', 34, 444.0, 116983.0)
('Kentucky', 34, 4518.0, 305596.0)
('North Dakota', 34, 1289.0, 64753.0)
('Alabama', 34, 6627.0, 786516.0)
('Ohio', 34, 6515.0, 783882.0)
('Nebraska', 34, 1521.0, 219071.0)
('Idaho', 34, 2179.0, 203971.0)
('Pennsylvania', 34, 4604.0, 921958.0)
('Mississippi', 34, 5758.0, 527108.0)
('West Virginia', 34, 708.0, 62669.0)
('Alaska', 34, 498.0, 37307.0)
('Maine', 34, 168.0, 29833.0)
('California', 34, 41436.0, 4570893.0)
('Iowa', 34, 3993.0, 381872.0)
('Arizona', 34, 4563.0, 1373782.0)
('Tennessee', 34, 10380.0, 953906.0)
('Louisiana', 34, 5043.0, 985668.0)
('Washington', 34, 3851.0, 505304.0)
('Wyoming', 34, 293.0, 24235.0)
('Northern Mariana Islands', 34, 4.0, 377.0)
('Colorado', 34, 2253.0, 380331.0)
('Minnesota', 34, 4432.0, 472609.0)
('Oklahoma', 34, 4823.0, 356139.0)
('Missouri', 34, 7846.0, 511389.0)
('New York', 34, 4236.0, 3027954.0)
('North Carolina', 34, 10279.0, 1053696.0)
('Florida', 34, 27155.0, 4120073.0)
('Michigan', 34, 4552.0, 733250.0)
('Utah', 34, 2473.0, 336662.0)
('New Hampshire', 35, 147.0, 50353.0)
('Arizona', 35, 3578.0, 1401087.0)
('Tennessee', 35, 9249.0, 1022132.0)
('Kentucky', 35, 4769.0, 337740.0)
('Idaho', 35, 2061.0, 218753.0)
('Ohio', 35, 7460.0, 832284.0)
('Maine', 35, 176.0, 30964.0)
('Mississippi', 35, 4782.0, 564415.0)
('Nebraska', 35, 2153.0, 231489.0)
('Michigan', 35, 5723.0, 772699.0)
('Northern Mariana Islands', 35, -31.0, 382.0)
('California', 35, 36645.0, 4846607.0)
('Illinois', 35, 13487.0, 1608975.0)
('Hawaii', 35, 1738.0, 52721.0)
('Rhode Island', 35, 661.0, 150766.0)
('Wyoming', 35, 241.0, 26010.0)
('South Carolina', 35, 6336.0, 806254.0)
('West Virginia', 35, 838.0, 67781.0)
('Oregon', 35, 1616.0, 180848.0)
('New York', 35, 4369.0, 3057716.0)
('Indiana', 35, 7452.0, 647324.0)
('Wisconsin', 35, 5106.0, 546626.0)
('Virginia', 35, 6781.0, 816450.0)
('North Dakota', 35, 1826.0, 75820.0)
('Delaware', 35, 448.0, 119641.0)
('Montana', 35, 896.0, 48608.0)
('North Carolina', 35, 11120.0, 1131732.0)
('Nevada', 35, 3303.0, 472185.0)
('District of Columbia', 35, 369.0, 96574.0)
('Alaska', 35, 480.0, 40565.0)
('Alabama', 35, 10175.0, 845538.0)
('South Dakota', 35, 2102.0, 85534.0)
('Massachusetts', 35, 2869.0, 890165.0)
('Guam', 35, 520.0, 14887.0)
('Florida', 35, 21015.0, 4285383.0)
('Connecticut', 35, 976.0, 366106.0)
('New Jersey', 35, 2068.0, 1347119.0)
('Maryland', 35, 3668.0, 746498.0)
('Washington', 35, 3377.0, 530238.0)
('Utah', 35, 2729.0, 354698.0)
('New Mexico', 35, 887.0, 174159.0)
('Vermont', 35, 59.0, 11111.0)
('Pennsylvania', 35, 4458.0, 952867.0)
('Georgia', 35, 15411.0, 1726794.0)
('Iowa', 35, 8158.0, 426158.0)
('Colorado', 35, 2074.0, 396927.0)
('Missouri', 35, 8794.0, 567556.0)
('Texas', 35, 34403.0, 4363684.0)
('Virgin Islands', 35, 150.0, 7471.0)
('Minnesota', 35, 5608.0, 507654.0)
('Arkansas', 35, 4282.0, 411853.0)
('Louisiana', 35, 5484.0, 1022419.0)
('Oklahoma', 35, 4855.0, 389715.0)
('Kansas', 35, 4285.0, 285091.0)
('Utah', 36, 2806.0, 373997.0)
('New Hampshire', 36, 193.0, 51467.0)
('Idaho', 36, 2019.0, 232944.0)
('Washington', 36, 3247.0, 553443.0)
('Nevada', 36, 2730.0, 492950.0)
('Tennessee', 36, 11340.0, 1096770.0)
('District of Columbia', 36, 320.0, 98956.0)
('Arkansas', 36, 5068.0, 444165.0)
('New Jersey', 36, 2450.0, 1363520.0)
('Montana', 36, 932.0, 55080.0)
('Indiana', 36, 6543.0, 693131.0)
('Georgia', 36, 13894.0, 1825289.0)
('Michigan', 36, 4712.0, 808175.0)
('Rhode Island', 36, 560.0, 154901.0)
('New Mexico', 36, 825.0, 180293.0)
('Iowa', 36, 5611.0, 473911.0)
('Mississippi', 36, 4212.0, 595320.0)
('Wisconsin', 36, 6095.0, 584243.0)
('Maryland', 36, 4271.0, 774400.0)
('Connecticut', 36, 870.0, 372297.0)
('Oregon', 36, 1491.0, 191629.0)
('Massachusetts', 36, -5667.0, 866614.0)
('Virginia', 36, 7179.0, 865851.0)
('Louisiana', 36, 5196.0, 1059260.0)
('New York', 36, 5395.0, 3092920.0)
('California', 36, 33644.0, 5088599.0)
('West Virginia', 36, 1302.0, 75982.0)
('Ohio', 36, 8296.0, 889433.0)
('Arizona', 36, 4077.0, 1427079.0)
('North Carolina', 36, 10631.0, 1209999.0)
('Kentucky', 36, 6002.0, 377105.0)
('Vermont', 36, 32.0, 11470.0)
('Maine', 36, 172.0, 32239.0)
('South Carolina', 36, 6628.0, 853603.0)
('Guam', 36, 332.0, 17588.0)
('Colorado', 36, 2111.0, 410996.0)
('Virgin Islands', 36, 47.0, 8074.0)
('South Dakota', 36, 1787.0, 100192.0)
('Pennsylvania', 36, 5765.0, 990326.0)
('Northern Mariana Islands', 36, 2.0, 400.0)
('Missouri', 36, 9790.0, 633738.0)
('Texas', 36, 28791.0, 4576389.0)
('Oklahoma', 36, 5587.0, 428111.0)
('Delaware', 36, 700.0, 123853.0)
('Florida', 36, 24845.0, 4455419.0)
('Hawaii', 36, 1514.0, 64162.0)
('Alaska', 36, 567.0, 44185.0)
('Minnesota', 36, 5401.0, 547218.0)
('Alabama', 36, 7079.0, 905708.0)
('Wyoming', 36, 212.0, 27585.0)
('North Dakota', 36, 1929.0, 88678.0)
('Nebraska', 36, 1879.0, 246682.0)
('Kansas', 36, 4140.0, 314433.0)
('Illinois', 36, 16527.0, 1712235.0)
('District of Columbia', 37, 313.0, 101113.0)
('Massachusetts', 37, 2264.0, 865794.0)
('Maine', 37, 179.0, 33397.0)
('Kentucky', 37, 4435.0, 409535.0)
('New Hampshire', 37, 249.0, 53028.0)
('Connecticut', 37, 961.0, 378089.0)
('New York', 37, 4846.0, 3127494.0)
('North Dakota', 37, 1945.0, 101662.0)
('Louisiana', 37, 4626.0, 1093254.0)
('South Carolina', 37, 6912.0, 895208.0)
('Utah', 37, 3232.0, 394345.0)
('Missouri', 37, 9680.0, 699935.0)
('Florida', 37, 17563.0, 4589130.0)
('Idaho', 37, 1640.0, 244983.0)
('Nebraska', 37, 2263.0, 260879.0)
('Delaware', 37, 806.0, 129465.0)
('Hawaii', 37, 979.0, 72759.0)
('Wisconsin', 37, 8317.0, 633083.0)
('Virgin Islands', 37, 39.0, 8420.0)
('New Jersey', 37, 2582.0, 1380831.0)
('Iowa', 37, 4465.0, 507975.0)
('West Virginia', 37, 1287.0, 84455.0)
('Nevada', 37, 1937.0, 508975.0)
('South Dakota', 37, 1529.0, 111300.0)
('Kansas', 37, 3257.0, 340318.0)
('Texas', 37, 24603.0, 4748830.0)
('Mississippi', 37, 2986.0, 619305.0)
('Northern Mariana Islands', 37, 2.0, 415.0)
('Michigan', 37, 5765.0, 846662.0)
('Ohio', 37, 6847.0, 939678.0)
('Arizona', 37, 2742.0, 1449736.0)
('Oregon', 37, 1292.0, 201062.0)
('Colorado', 37, 2015.0, 424526.0)
('Georgia', 37, 11008.0, 1907410.0)
('North Carolina', 37, 8184.0, 1271322.0)
('Wyoming', 37, 314.0, 29392.0)
('Rhode Island', 37, 662.0, 159008.0)
('Tennessee', 37, 7721.0, 1160779.0)
('Guam', 37, 244.0, 19308.0)
('Illinois', 37, 12034.0, 1812311.0)
('New Mexico', 37, 653.0, 185007.0)
('Vermont', 37, 36.0, 11651.0)
('Alabama', 37, 6441.0, 949665.0)
('Oklahoma', 37, 5747.0, 467557.0)
('Montana', 37, 765.0, 60742.0)
('Pennsylvania', 37, 4733.0, 1027656.0)
('California', 37, 23156.0, 5272110.0)
('Alaska', 37, 533.0, 48080.0)
('Arkansas', 37, 4295.0, 477011.0)
('Virginia', 37, 6888.0, 914186.0)
('Indiana', 37, 6083.0, 734014.0)
('Washington', 37, 2808.0, 573910.0)
('Minnesota', 37, 3724.0, 577929.0)
('Maryland', 37, 4043.0, 803449.0)
('Wisconsin', 38, 12620.0, 707849.0)
('Wyoming', 38, 525.0, 32446.0)
('Kentucky', 38, 4806.0, 443939.0)
('Arkansas', 38, 5504.0, 512519.0)
('Hawaii', 38, 726.0, 78440.0)
('Virgin Islands', 38, 49.0, 8706.0)
('North Carolina', 38, 8653.0, 1331441.0)
('Vermont', 38, 31.0, 11936.0)
('North Dakota', 38, 2381.0, 117767.0)
('Utah', 38, 5882.0, 426353.0)
('Oklahoma', 38, 7453.0, 514317.0)
('West Virginia', 38, 1355.0, 94033.0)
('Illinois', 38, 13033.0, 1900927.0)
('Iowa', 38, 5735.0, 544370.0)
('Pennsylvania', 38, 6289.0, 1068572.0)
('South Dakota', 38, 2058.0, 123987.0)
('Delaware', 38, 717.0, 135007.0)
('Florida', 38, 19760.0, 4722824.0)
('Maryland', 38, 4056.0, 832618.0)
('Michigan', 38, 5073.0, 885648.0)
('Massachusetts', 38, 2714.0, 883603.0)
('California', 38, 24688.0, 5441830.0)
('Oregon', 38, 1465.0, 210829.0)
('New Hampshire', 38, 251.0, 54784.0)
('Indiana', 38, 5708.0, 777698.0)
('Virginia', 38, 6697.0, 962772.0)
('Texas', 38, 32519.0, 4965539.0)
('Louisiana', 38, 3868.0, 1123245.0)
('Alabama', 38, 6207.0, 994452.0)
('Georgia', 38, 11381.0, 1988962.0)
('Arizona', 38, 5504.0, 1480747.0)
('Maine', 38, 216.0, 34843.0)
('Connecticut', 38, 1201.0, 387059.0)
('Ohio', 38, 6904.0, 990524.0)
('Kansas', 38, 4025.0, 366001.0)
('Missouri', 38, 10397.0, 774636.0)
('Northern Mariana Islands', 38, 8.0, 443.0)
('Idaho', 38, 2075.0, 258558.0)
('District of Columbia', 38, 363.0, 103551.0)
('Colorado', 38, 3607.0, 445507.0)
('Montana', 38, 1288.0, 68105.0)
('Rhode Island', 38, 715.0, 164086.0)
('Nevada', 38, 2266.0, 523778.0)
('New Mexico', 38, 818.0, 190446.0)
('Washington', 38, 2992.0, 595536.0)
('Mississippi', 38, 3490.0, 642593.0)
('New Jersey', 38, 3130.0, 1400977.0)
('Alaska', 38, 568.0, 52035.0)
('New York', 38, 5540.0, 3164255.0)
('Tennessee', 38, 11311.0, 1231637.0)
('Nebraska', 38, 2895.0, 279219.0)
('Guam', 38, 211.0, 20956.0)
('Minnesota', 38, 5706.0, 609744.0)
('South Carolina', 38, 5844.0, 946984.0)
('Idaho', 39, 2540.0, 276589.0)
('Alabama', 39, 7359.0, 1042293.0)
('Louisiana', 39, 3817.0, 1150448.0)
('Kansas', 39, 4545.0, 396691.0)
('New Hampshire', 39, 225.0, 56371.0)
('Vermont', 39, 27.0, 12098.0)
('Indiana', 39, 5993.0, 817370.0)
('California', 39, 23621.0, 5613960.0)
('New York', 39, 5728.0, 3203564.0)
('North Dakota', 39, 2766.0, 136194.0)
('Northern Mariana Islands', 39, 1.0, 483.0)
('North Carolina', 39, 13429.0, 1406324.0)
('Nevada', 39, 2906.0, 541954.0)
('Rhode Island', 39, 561.0, 169007.0)
('Iowa', 39, 6214.0, 587192.0)
('Montana', 39, 1801.0, 79441.0)
('South Dakota', 39, 2845.0, 141017.0)
('Oklahoma', 39, 7526.0, 568748.0)
('Virgin Islands', 39, 48.0, 9057.0)
('Washington', 39, 3653.0, 619160.0)
('Missouri', 39, 11115.0, 851595.0)
('Wyoming', 39, 762.0, 36952.0)
('Kentucky', 39, 4972.0, 477922.0)
('Florida', 39, 16810.0, 4851964.0)
('District of Columbia', 39, 295.0, 105783.0)
('Alaska', 39, 655.0, 56222.0)
('Maine', 39, 209.0, 36421.0)
('New Jersey', 39, 3786.0, 1424309.0)
('Connecticut', 39, 1060.0, 394732.0)
('Mississippi', 39, 3495.0, 667028.0)
('Ohio', 39, 6500.0, 1035224.0)
('Delaware', 39, 694.0, 139706.0)
('Colorado', 39, 4224.0, 474370.0)
('Nebraska', 39, 2980.0, 299046.0)
('Illinois', 39, 13898.0, 1994823.0)
('Tennessee', 39, 9416.0, 1298471.0)
('Georgia', 39, 9225.0, 2059999.0)
('Pennsylvania', 39, 5846.0, 1107593.0)
('Guam', 39, 212.0, 22476.0)
('South Carolina', 39, 8179.0, 998368.0)
('Arizona', 39, 3219.0, 1510663.0)
('West Virginia', 39, 1294.0, 103224.0)
('Massachusetts', 39, 3102.0, 903443.0)
('Arkansas', 39, 5519.0, 552300.0)
('Virginia', 39, 5633.0, 1005215.0)
('Utah', 39, 6842.0, 471286.0)
('Hawaii', 39, 730.0, 83440.0)
('Oregon', 39, 2018.0, 223433.0)
('New Mexico', 39, 1265.0, 197707.0)
('Michigan', 39, 6261.0, 925977.0)
('Texas', 39, 48079.0, 5302560.0)
('Wisconsin', 39, 15155.0, 806170.0)
('Minnesota', 39, 6717.0, 654422.0)
('Maryland', 39, 3239.0, 856636.0)
('Utah', 40, 7002.0, 519754.0)
('South Dakota', 40, 2877.0, 161186.0)
('New Hampshire', 40, 473.0, 58800.0)
('Massachusetts', 40, 4305.0, 930523.0)
('Kansas', 40, 4501.0, 429153.0)
('Oregon', 40, 1951.0, 237174.0)
('New York', 40, 8967.0, 3255402.0)
('Washington', 40, 3705.0, 644747.0)
('Mississippi', 40, 3629.0, 691976.0)
('Pennsylvania', 40, 7391.0, 1154775.0)
('Colorado', 40, 3917.0, 502010.0)
('Idaho', 40, 3463.0, 299898.0)
('Wisconsin', 40, 17443.0, 925367.0)
('Missouri', 40, 9576.0, 922795.0)
('Alaska', 40, 941.0, 61999.0)
('Connecticut', 40, 1710.0, 404659.0)
('Nebraska', 40, 3744.0, 323558.0)
('Florida', 40, 15895.0, 4964328.0)
('Virginia', 40, 5726.0, 1043461.0)
('Arizona', 40, 3521.0, 1534361.0)
('Alabama', 40, 6848.0, 1091229.0)
('North Carolina', 40, 10234.0, 1491828.0)
('North Dakota', 40, 2826.0, 155847.0)
('Maryland', 40, 3890.0, 882080.0)
('Delaware', 40, 983.0, 145625.0)
('Maine', 40, 233.0, 37932.0)
('Rhode Island', 40, 895.0, 173870.0)
('Tennessee', 40, 8225.0, 1361620.0)
('Guam', 40, 331.0, 24483.0)
('Michigan', 40, 6878.0, 972399.0)
('District of Columbia', 40, 269.0, 107663.0)
('South Carolina', 40, 5695.0, 1042012.0)
('California', 40, 22937.0, 5772659.0)
('Wyoming', 40, 871.0, 42689.0)
('Minnesota', 40, 7093.0, 703767.0)
('Louisiana', 40, 3644.0, 1176001.0)
('Georgia', 40, 8457.0, 2120602.0)
('Indiana', 40, 7780.0, 866536.0)
('Texas', 40, 31901.0, 5522128.0)
('Hawaii', 40, 693.0, 88600.0)
('Montana', 40, 2612.0, 95440.0)
('Iowa', 40, 6120.0, 631750.0)
('Illinois', 40, 13947.0, 2094453.0)
('New Mexico', 40, 1633.0, 208011.0)
('Kentucky', 40, 5701.0, 515601.0)
('West Virginia', 40, 1280.0, 112479.0)
('Northern Mariana Islands', 40, 19.0, 491.0)
('Vermont', 40, 43.0, 12332.0)
('New Jersey', 40, 4650.0, 1454758.0)
('Arkansas', 40, 5771.0, 592639.0)
('Oklahoma', 40, 6984.0, 618605.0)
('Virgin Islands', 40, 10.0, 9260.0)
('Ohio', 40, 8098.0, 1087692.0)
('Nevada', 40, 3314.0, 564843.0)
('Texas', 41, 30310.0, 5745373.0)
('Virginia', 41, 6846.0, 1088235.0)
('Massachusetts', 41, 3956.0, 959791.0)
('Northern Mariana Islands', 41, 4.0, 529.0)
('Illinois', 41, 17767.0, 2203526.0)
('Wisconsin', 41, 18485.0, 1048664.0)
('Louisiana', 41, 4868.0, 1207579.0)
('New Mexico', 41, 2507.0, 222653.0)
('Washington', 41, 4000.0, 672210.0)
('Tennessee', 41, 13164.0, 1442253.0)
('Utah', 41, 8226.0, 574527.0)
('Indiana', 41, 9858.0, 927177.0)
('North Dakota', 41, 3716.0, 178427.0)
('District of Columbia', 41, 465.0, 110406.0)
('Iowa', 41, 7197.0, 676187.0)
('North Carolina', 41, 13923.0, 1579849.0)
('Maryland', 41, 4068.0, 909719.0)
('Kentucky', 41, 6272.0, 557368.0)
('Guam', 41, 461.0, 27279.0)
('Idaho', 41, 4335.0, 327156.0)
('Virgin Islands', 41, -2.0, 9263.0)
('South Carolina', 41, 5824.0, 1083292.0)
('Maine', 41, 202.0, 39438.0)
('Missouri', 41, 12790.0, 1002177.0)
('Rhode Island', 41, 1218.0, 181718.0)
('South Dakota', 41, 4146.0, 185547.0)
('Arizona', 41, 4818.0, 1563654.0)
('Colorado', 41, 5363.0, 534027.0)
('Wyoming', 41, 1107.0, 49791.0)
('Nevada', 41, 3788.0, 589221.0)
('Connecticut', 41, 1741.0, 417587.0)
('Delaware', 41, 887.0, 152016.0)
('Nebraska', 41, 4575.0, 350908.0)
('Montana', 41, 3995.0, 118049.0)
('Hawaii', 41, 676.0, 93216.0)
('Florida', 41, 18032.0, 5078996.0)
('Alaska', 41, 1308.0, 69927.0)
('Georgia', 41, 29808.0, 2326010.0)
('Alabama', 41, 6173.0, 1136916.0)
('Oklahoma', 41, 8070.0, 670340.0)
('West Virginia', 41, 1500.0, 121890.0)
('New York', 41, 9706.0, 3323010.0)
('New Hampshire', 41, 498.0, 62294.0)
('Oregon', 41, 2492.0, 252896.0)
('Arkansas', 41, 5820.0, 630891.0)
('California', 41, 22441.0, 5931764.0)
('Michigan', 41, 8161.0, 1025071.0)
('Mississippi', 41, 4444.0, 720692.0)
('Minnesota', 41, 8442.0, 757891.0)
('Ohio', 41, 9842.0, 1150557.0)
('Pennsylvania', 41, 8659.0, 1210878.0)
('New Jersey', 41, 5427.0, 1490085.0)
('Kansas', 41, 4752.0, 459831.0)
('Vermont', 41, 83.0, 12874.0)
('New Hampshire', 42, 551.0, 66095.0)
('Kansas', 42, 5491.0, 497877.0)
('Florida', 42, 20529.0, 5217275.0)
('Idaho', 42, 4793.0, 358563.0)
('Mississippi', 42, 5121.0, 755625.0)
('West Virginia', 42, 1953.0, 134198.0)
('South Carolina', 42, 6584.0, 1127310.0)
('Utah', 42, 8550.0, 633867.0)
('Washington', 42, 4876.0, 704472.0)
('Vermont', 42, 69.0, 13332.0)
('North Dakota', 42, 4714.0, 208373.0)
('Georgia', 42, 12187.0, 2408850.0)
('Oregon', 42, 2269.0, 269766.0)
('Delaware', 42, 963.0, 158467.0)
('Ohio', 42, 13038.0, 1231316.0)
('Pennsylvania', 42, 9952.0, 1277602.0)
('North Carolina', 42, 14552.0, 1676219.0)
('Virgin Islands', 42, 10.0, 9309.0)
('Montana', 42, 4088.0, 147030.0)
('Kentucky', 42, 7180.0, 604854.0)
('Indiana', 42, 12646.0, 1009045.0)
('Louisiana', 42, 4282.0, 1237458.0)
('New Mexico', 42, 3805.0, 245224.0)
('Maine', 42, 216.0, 40901.0)
('Massachusetts', 42, 4757.0, 991582.0)
('Nevada', 42, 4452.0, 618065.0)
('Connecticut', 42, 2792.0, 435453.0)
('Alaska', 42, 1326.0, 79276.0)
('Oklahoma', 42, 7912.0, 727238.0)
('New York', 42, 10003.0, 3390767.0)
('Iowa', 42, 7393.0, 728897.0)
('California', 42, 21318.0, 6089799.0)
('Arkansas', 42, 6233.0, 674451.0)
('Missouri', 42, 13675.0, 1091885.0)
('Arizona', 42, 5574.0, 1600298.0)
('Wisconsin', 42, 17226.0, 1190669.0)
('Hawaii', 42, 550.0, 97458.0)
('Texas', 42, 36626.0, 5974204.0)
('Virginia', 42, 7422.0, 1140426.0)
('Tennessee', 42, 13700.0, 1533996.0)
('South Dakota', 42, 4705.0, 217176.0)
('Rhode Island', 42, 1397.0, 190929.0)
('Nebraska', 42, 5686.0, 388403.0)
('Alabama', 42, 7284.0, 1185070.0)
('Illinois', 42, 25885.0, 2358126.0)
('Wyoming', 42, 1414.0, 58824.0)
('Maryland', 42, 4296.0, 939085.0)
('New Jersey', 42, 6386.0, 1531275.0)
('Northern Mariana Islands', 42, 9.0, 563.0)
('Guam', 42, 460.0, 30601.0)
('Colorado', 42, 7051.0, 577880.0)
('Minnesota', 42, 10544.0, 824731.0)
('Michigan', 42, 9889.0, 1093201.0)
('District of Columbia', 42, 386.0, 113347.0)
('Iowa', 43, 8904.0, 784796.0)
('Washington', 43, 4867.0, 737387.0)
('Florida', 43, 23616.0, 5374351.0)
('District of Columbia', 43, 397.0, 115957.0)
('Georgia', 43, 11571.0, 2487913.0)
('Utah', 43, 10659.0, 699579.0)
('Illinois', 43, 31195.0, 2560113.0)
('Vermont', 43, 136.0, 13992.0)
('West Virginia', 43, 1825.0, 147613.0)
('Rhode Island', 43, 2427.0, 206067.0)
('Alabama', 43, 11729.0, 1249298.0)
('North Carolina', 43, 14012.0, 1775238.0)
('Mississippi', 43, 5082.0, 791170.0)
('Wyoming', 43, 2016.0, 71195.0)
('California', 43, 30950.0, 6274648.0)
('Northern Mariana Islands', 43, 2.0, 614.0)
('Virgin Islands', 43, 11.0, 9390.0)
('Massachusetts', 43, 6905.0, 1031671.0)
('Kansas', 43, 5519.0, 536884.0)
('Nevada', 43, 5424.0, 652655.0)
('Arizona', 43, 7051.0, 1644742.0)
('Maine', 43, 262.0, 42475.0)
('Kentucky', 43, 9192.0, 662140.0)
('Arkansas', 43, 7049.0, 720000.0)
('Texas', 43, 41216.0, 6248803.0)
('Tennessee', 43, 18382.0, 1645546.0)
('Idaho', 43, 6252.0, 398533.0)
('Missouri', 43, 13087.0, 1186746.0)
('Pennsylvania', 43, 11984.0, 1354963.0)
('Nebraska', 43, 5729.0, 429342.0)
('Colorado', 43, 9939.0, 636375.0)
('Oregon', 43, 2569.0, 286428.0)
('North Dakota', 43, 5741.0, 246087.0)
('Alaska', 43, 2034.0, 90310.0)
('Virginia', 43, 7233.0, 1190485.0)
('Indiana', 43, 15033.0, 1105245.0)
('Montana', 43, 5059.0, 179887.0)
('Michigan', 43, 16178.0, 1190991.0)
('Delaware', 43, 868.0, 164919.0)
('New York', 43, 11185.0, 3464629.0)
('Oklahoma', 43, 9437.0, 787236.0)
('Ohio', 43, 16328.0, 1334567.0)
('Minnesota', 43, 10990.0, 900871.0)
('Guam', 43, 678.0, 34981.0)
('Maryland', 43, 4621.0, 969879.0)
('Connecticut', 43, 3222.0, 456876.0)
('Wisconsin', 43, 33265.0, 1373688.0)
('New Mexico', 43, 5075.0, 276361.0)
('Hawaii', 43, 640.0, 101523.0)
('South Carolina', 43, 6688.0, 1172512.0)
('South Dakota', 43, 5934.0, 253900.0)
('New Hampshire', 43, 634.0, 70163.0)
('Louisiana', 43, 4706.0, 1270656.0)
('New Jersey', 43, 8455.0, 1584766.0)
('Utah', 44, 11457.0, 776970.0)
('Mississippi', 44, 5412.0, 828580.0)
('Connecticut', 44, 5155.0, 489930.0)
('North Carolina', 44, 16578.0, 1886220.0)
('Texas', 44, 47197.0, 6570578.0)
('Indiana', 44, 19551.0, 1227560.0)
('Alabama', 44, 9630.0, 1325380.0)
('Minnesota', 44, 16871.0, 999646.0)
('Virgin Islands', 44, 30.0, 9519.0)
('North Dakota', 44, 7324.0, 289885.0)
('Wisconsin', 44, 32506.0, 1589238.0)
('Missouri', 44, 16898.0, 1293810.0)
('Illinois', 44, 44795.0, 2822556.0)
('Arizona', 44, 9284.0, 1700665.0)
('South Carolina', 44, 7345.0, 1222391.0)
('Colorado', 44, 14898.0, 723487.0)
('Vermont', 44, 123.0, 14987.0)
('New York', 44, 14281.0, 3554985.0)
('Michigan', 44, 21986.0, 1325677.0)
('Kentucky', 44, 11870.0, 738331.0)
('Louisiana', 44, 4145.0, 1301582.0)
('Virginia', 44, 9021.0, 1247842.0)
('Pennsylvania', 44, 15744.0, 1456609.0)
('Hawaii', 44, 464.0, 105438.0)
('Nevada', 44, 5796.0, 692582.0)
('Alaska', 44, 2629.0, 108132.0)
('Washington', 44, 5839.0, 775554.0)
('Florida', 44, 28776.0, 5563493.0)
('West Virginia', 44, 2977.0, 164792.0)
('California', 44, 29539.0, 6487856.0)
('South Dakota', 44, 8121.0, 303346.0)
('Oklahoma', 44, 7375.0, 843521.0)
('Wyoming', 44, 2682.0, 87985.0)
('Montana', 44, 5615.0, 217276.0)
('Ohio', 44, 20885.0, 1464734.0)
('Northern Mariana Islands', 44, 8.0, 648.0)
('Arkansas', 44, 6942.0, 768879.0)
('Delaware', 44, 1165.0, 172190.0)
('Massachusetts', 44, 9142.0, 1090025.0)
('Idaho', 44, 6151.0, 441318.0)
('Georgia', 44, 13356.0, 2582227.0)
('Guam', 44, 474.0, 38551.0)
('Tennessee', 44, 14309.0, 1766357.0)
('Kansas', 44, 8568.0, 588905.0)
('New Jersey', 44, 11165.0, 1655140.0)
('Nebraska', 44, 7869.0, 476620.0)
('Maine', 44, 514.0, 45372.0)
('District of Columbia', 44, 602.0, 119544.0)
('New Mexico', 44, 5369.0, 314116.0)
('New Hampshire', 44, 886.0, 75518.0)
('Rhode Island', 44, 2756.0, 225347.0)
('Oregon', 44, 3318.0, 307026.0)
('Iowa', 44, 14859.0, 866061.0)
('Maryland', 44, 5857.0, 1007384.0)
('Arkansas', 45, 8809.0, 823256.0)
('Utah', 45, 16111.0, 873224.0)
('Tennessee', 45, 19256.0, 1875260.0)
('Delaware', 45, 1477.0, 180920.0)
('Kansas', 45, 12996.0, 669160.0)
('Guam', 45, 387.0, 41426.0)
('Arizona', 45, 11815.0, 1773474.0)
('New York', 45, 19302.0, 3669566.0)
('Georgia', 45, 16917.0, 2689875.0)
('South Dakota', 45, 8080.0, 359665.0)
('Northern Mariana Islands', 45, 2.0, 678.0)
('New Hampshire', 45, 1274.0, 82880.0)
('Hawaii', 45, 779.0, 109895.0)
('Pennsylvania', 45, 20662.0, 1583025.0)
('Massachusetts', 45, 11692.0, 1158843.0)
('Maryland', 45, 7824.0, 1054995.0)
('Virgin Islands', 45, 29.0, 9737.0)
('Virginia', 45, 9783.0, 1312953.0)
('California', 45, 39961.0, 6728274.0)
('Vermont', 45, 196.0, 16091.0)
('Washington', 45, 9201.0, 829598.0)
('Minnesota', 45, 30190.0, 1163005.0)
('South Carolina', 45, 7665.0, 1274680.0)
('Wyoming', 45, 3587.0, 109551.0)
('New Jersey', 45, 14973.0, 1745437.0)
('Florida', 45, 36485.0, 5790809.0)
('Alaska', 45, 3115.0, 127596.0)
('North Dakota', 45, 9262.0, 350486.0)
('Wisconsin', 45, 40488.0, 1846758.0)
('West Virginia', 45, 3521.0, 186595.0)
('Ohio', 45, 31268.0, 1649599.0)
('Colorado', 45, 21230.0, 854589.0)
('Oregon', 45, 5029.0, 335969.0)
('District of Columbia', 45, 632.0, 123929.0)
('Indiana', 45, 28306.0, 1395635.0)
('Texas', 45, 58983.0, 6949402.0)
('Maine', 45, 978.0, 50802.0)
('Nebraska', 45, 12303.0, 547648.0)
('Idaho', 45, 7940.0, 489785.0)
('Rhode Island', 45, 3506.0, 248675.0)
('Michigan', 45, 31584.0, 1522410.0)
('Iowa', 45, 24486.0, 999872.0)
('Montana', 45, 6184.0, 259214.0)
('Kentucky', 45, 12595.0, 823521.0)
('Connecticut', 45, 6918.0, 535509.0)
('Illinois', 45, 70052.0, 3205150.0)
('Oklahoma', 45, 12147.0, 913633.0)
('Louisiana', 45, 5261.0, 1334563.0)
('Alabama', 45, 9702.0, 1394639.0)
('New Mexico', 45, 7649.0, 359651.0)
('Nevada', 45, 8714.0, 742660.0)
('Missouri', 45, 24513.0, 1441154.0)
('Mississippi', 45, 6189.0, 865964.0)
('North Carolina', 45, 16725.0, 2002742.0)
('Oklahoma', 46, 17870.0, 1017328.0)
('New Mexico', 46, 9319.0, 423024.0)
('West Virginia', 46, 5255.0, 217309.0)
('Rhode Island', 46, 5149.0, 281934.0)
('North Dakota', 46, 9492.0, 415665.0)
('Wisconsin', 46, 48014.0, 2162813.0)
('Oregon', 46, 6432.0, 377548.0)
('Arizona', 46, 16224.0, 1875449.0)
('Kansas', 46, 18046.0, 786399.0)
('Hawaii', 46, 553.0, 114781.0)
('Mississippi', 46, 7620.0, 915021.0)
('Idaho', 46, 9333.0, 551746.0)
('Iowa', 46, 30731.0, 1214356.0)
('Illinois', 46, 85742.0, 3767526.0)
('Georgia', 46, 18887.0, 2810940.0)
('North Carolina', 46, 18975.0, 2126457.0)
('Kentucky', 46, 17072.0, 930774.0)
('Northern Mariana Islands', 46, 2.0, 700.0)
('Virgin Islands', 46, 29.0, 9938.0)
('South Dakota', 46, 9977.0, 424947.0)
('Maryland', 46, 11866.0, 1124857.0)
('California', 46, 57137.0, 7070673.0)
('Minnesota', 46, 42721.0, 1418170.0)
('Arkansas', 46, 11174.0, 896773.0)
('Louisiana', 46, 11532.0, 1389782.0)
('District of Columbia', 46, 976.0, 129603.0)
('Tennessee', 46, 28138.0, 2047207.0)
('Maine', 46, 1251.0, 58919.0)
('Guam', 46, 847.0, 47287.0)
('New Hampshire', 46, 2183.0, 95147.0)
('Connecticut', 46, 10520.0, 601025.0)
('Wyoming', 46, 5184.0, 142821.0)
('Ohio', 46, 47828.0, 1929136.0)
('Montana', 46, 7479.0, 303927.0)
('Alaska', 46, 3976.0, 152799.0)
('Alabama', 46, 14135.0, 1477980.0)
('New York', 46, 31168.0, 3856241.0)
('Vermont', 46, 497.0, 18538.0)
('Florida', 46, 41304.0, 6052419.0)
('Texas', 46, 73728.0, 7423667.0)
('Utah', 46, 21187.0, 1006949.0)
('Nebraska', 46, 14192.0, 645696.0)
('Michigan', 46, 46807.0, 1812970.0)
('New Jersey', 46, 24680.0, 1884561.0)
('Virginia', 46, 9785.0, 1384943.0)
('Indiana', 46, 41277.0, 1640174.0)
('Massachusetts', 46, 16876.0, 1262850.0)
('Delaware', 46, 2200.0, 194122.0)
('Colorado', 46, 32538.0, 1048436.0)
('Pennsylvania', 46, 33881.0, 1779521.0)
('Missouri', 46, 32954.0, 1652834.0)
('South Carolina', 46, 9819.0, 1335236.0)
('Nevada', 46, 10436.0, 810435.0)
('Washington', 46, 13055.0, 908369.0)
('Ohio', 47, 53323.0, 2293378.0)
('Northern Mariana Islands', 47, -11.0, 721.0)
('Nevada', 47, 14017.0, 898336.0)
('Illinois', 47, 82680.0, 4357551.0)
('Maine', 47, 1415.0, 68173.0)
('Texas', 47, 82348.0, 7970624.0)
('Arkansas', 47, 12133.0, 978632.0)
('Guam', 47, 625.0, 51407.0)
('Virginia', 47, 15836.0, 1477825.0)
('Rhode Island', 47, 6472.0, 325316.0)
('Minnesota', 47, 46576.0, 1750117.0)
('Michigan', 47, 52941.0, 2175548.0)
('Iowa', 47, 25350.0, 1408682.0)
('Florida', 47, 53213.0, 6400371.0)
('New York', 47, 36015.0, 4091101.0)
('Georgia', 47, 23450.0, 2953117.0)
('New Mexico', 47, 17781.0, 516015.0)
('Tennessee', 47, 28642.0, 2256741.0)
('Wyoming', 47, 5675.0, 181798.0)
('New Jersey', 47, 26744.0, 2068396.0)
('Hawaii', 47, 683.0, 118713.0)
('Louisiana', 47, 15679.0, 1488234.0)
('Wisconsin', 47, 46314.0, 2499220.0)
('Arizona', 47, 24175.0, 2021399.0)
('Maryland', 47, 16165.0, 1225376.0)
('Colorado', 47, 34888.0, 1289210.0)
('Oregon', 47, 8290.0, 427774.0)
('Kansas', 47, 19679.0, 924873.0)
('District of Columbia', 47, 1174.0, 137436.0)
('New Hampshire', 47, 2927.0, 114034.0)
('South Carolina', 47, 10788.0, 1409598.0)
('North Dakota', 47, 8887.0, 480975.0)
('Washington', 47, 14338.0, 1012649.0)
('Nebraska', 47, 15900.0, 760054.0)
('Mississippi', 47, 8871.0, 972898.0)
('Alabama', 47, 14684.0, 1581063.0)
('Montana', 47, 8522.0, 363687.0)
('Vermont', 47, 740.0, 23217.0)
('North Carolina', 47, 24577.0, 2281845.0)
('California', 47, 82671.0, 7582544.0)
('Kentucky', 47, 20955.0, 1063154.0)
('South Dakota', 47, 7684.0, 488324.0)
('Alaska', 47, 3941.0, 181688.0)
('Indiana', 47, 43849.0, 1947936.0)
('Utah', 47, 23368.0, 1164723.0)
('Connecticut', 47, 12824.0, 689086.0)
('Virgin Islands', 47, 70.0, 10293.0)
('Massachusetts', 47, 18575.0, 1389775.0)
('Idaho', 47, 9390.0, 618544.0)
('Oklahoma', 47, 20202.0, 1153545.0)
('Pennsylvania', 47, 44745.0, 2060452.0)
('Missouri', 47, 34148.0, 1893173.0)
('West Virginia', 47, 6819.0, 262016.0)
('Delaware', 47, 3005.0, 212605.0)
('Idaho', 48, 8823.0, 683094.0)
('Rhode Island', 48, 5953.0, 368493.0)
('Guam', 48, 269.0, 53861.0)
('New Hampshire', 48, 2882.0, 133771.0)
('South Carolina', 48, 9834.0, 1482752.0)
('North Dakota', 48, 5975.0, 533585.0)
('Northern Mariana Islands', 48, 2.0, 728.0)
('Oklahoma', 48, 21215.0, 1304104.0)
('Mississippi', 48, 8605.0, 1031553.0)
('Pennsylvania', 48, 47599.0, 2388424.0)
('Indiana', 48, 38006.0, 2244586.0)
('New York', 48, 44965.0, 4379890.0)
('Vermont', 48, 471.0, 27268.0)
('Kentucky', 48, 18942.0, 1202449.0)
('California', 48, 100844.0, 8251482.0)
('Alaska', 48, 4267.0, 209949.0)
('Tennessee', 48, 24956.0, 2427723.0)
('Louisiana', 48, 12053.0, 1590288.0)
('Washington', 48, 18630.0, 1136987.0)
('Delaware', 48, 3443.0, 235540.0)
('Maryland', 48, 14245.0, 1333631.0)
('Florida', 48, 54246.0, 6778318.0)
('Maine', 48, 1149.0, 77696.0)
('Texas', 48, 74217.0, 8542182.0)
('Virginia', 48, 18146.0, 1599823.0)
('Nebraska', 48, 12481.0, 852513.0)
('Michigan', 48, 48763.0, 2515590.0)
('Virgin Islands', 48, 40.0, 10675.0)
('District of Columbia', 48, 1297.0, 145644.0)
('Colorado', 48, 30761.0, 1520699.0)
('Illinois', 48, 64085.0, 4868307.0)
('Ohio', 48, 63013.0, 2721641.0)
('Wyoming', 48, 4320.0, 217103.0)
('Arkansas', 48, 11074.0, 1062354.0)
('Alabama', 48, 14723.0, 1687316.0)
('Nevada', 48, 16064.0, 1012572.0)
('Georgia', 48, 19368.0, 3111189.0)
('Utah', 48, 16633.0, 1305823.0)
('New Jersey', 48, 28124.0, 2267365.0)
('Iowa', 48, 17026.0, 1558125.0)
('Minnesota', 48, 42815.0, 2050422.0)
('Wisconsin', 48, 32816.0, 2770291.0)
('Arizona', 48, 26298.0, 2204648.0)
('Connecticut', 48, 11112.0, 770067.0)
('West Virginia', 48, 6519.0, 308315.0)
('Massachusetts', 48, 18114.0, 1515695.0)
('Kansas', 48, 17847.0, 1057027.0)
('Oregon', 48, 8950.0, 489640.0)
('Missouri', 48, 25664.0, 2099473.0)
('Hawaii', 48, 623.0, 123697.0)
('North Carolina', 48, 25141.0, 2455930.0)
('Montana', 48, 6121.0, 414731.0)
('South Dakota', 48, 6835.0, 538270.0)
('New Mexico', 48, 13521.0, 629544.0)
('Virginia', 49, 19111.0, 1718487.0)
('North Carolina', 49, 32896.0, 2652423.0)
('Illinois', 49, 67435.0, 5321811.0)
('Northern Mariana Islands', 49, 2.0, 742.0)
('South Dakota', 49, 6091.0, 582620.0)
('Colorado', 49, 32403.0, 1738928.0)
('South Carolina', 49, 15970.0, 1567644.0)
('Pennsylvania', 49, 62441.0, 2758211.0)
('Idaho', 49, 9795.0, 746990.0)
('Ohio', 49, 60592.0, 3135362.0)
('California', 49, 152444.0, 9090211.0)
('Guam', 49, 186.0, 55326.0)
('Alaska', 49, 4951.0, 241377.0)
('New Jersey', 49, 33909.0, 2475921.0)
('Arkansas', 49, 14677.0, 1149942.0)
('Florida', 49, 65414.0, 7201538.0)
('Connecticut', 49, 15134.0, 866797.0)
('New Hampshire', 49, 4291.0, 160616.0)
('Kansas', 49, 16258.0, 1166514.0)
('Rhode Island', 49, 8183.0, 420767.0)
('Kentucky', 49, 24608.0, 1361871.0)
('Vermont', 49, 915.0, 32186.0)
('Utah', 49, 21598.0, 1439988.0)
('Maine', 49, 1840.0, 87814.0)
('Indiana', 49, 48364.0, 2536967.0)
('Montana', 49, 6074.0, 456682.0)
('Washington', 49, 17172.0, 1257540.0)
('Delaware', 49, 4661.0, 263557.0)
('Tennessee', 49, 32584.0, 2658269.0)
('Maryland', 49, 18621.0, 1446982.0)
('Wyoming', 49, 3828.0, 244690.0)
('Georgia', 49, 30784.0, 3288098.0)
('Minnesota', 49, 37893.0, 2337707.0)
('Massachusetts', 49, 31880.0, 1685735.0)
('Wisconsin', 49, 32013.0, 2986761.0)
('New York', 49, 64680.0, 4762331.0)
('Alabama', 49, 22648.0, 1821276.0)
('Louisiana', 49, 18878.0, 1701044.0)
('New Mexico', 49, 12671.0, 720229.0)
('Arizona', 49, 38281.0, 2436875.0)
('Nebraska', 49, 13292.0, 940636.0)
('Oregon', 49, 10377.0, 558789.0)
('Michigan', 49, 48528.0, 2867440.0)
('Texas', 49, 99634.0, 9153794.0)
('Hawaii', 49, 656.0, 127866.0)
('District of Columbia', 49, 1688.0, 155731.0)
('West Virginia', 49, 8000.0, 358331.0)
('North Dakota', 49, 4323.0, 567623.0)
('Oklahoma', 49, 20941.0, 1442222.0)
('Missouri', 49, 28507.0, 2282823.0)
('Virgin Islands', 49, 69.0, 11111.0)
('Nevada', 49, 17933.0, 1123951.0)
('Iowa', 49, 15999.0, 1668182.0)
('Mississippi', 49, 13146.0, 1113490.0)
('Vermont', 50, 738.0, 37878.0)
('Connecticut', 50, 19046.0, 997912.0)
('Northern Mariana Islands', 50, 7.0, 785.0)
('Virginia', 50, 26856.0, 1894733.0)
('Kansas', 50, 17025.0, 1288203.0)
('Alabama', 50, 25754.0, 1991250.0)
('Michigan', 50, 38482.0, 3168967.0)
('Idaho', 50, 10690.0, 823753.0)
('Washington', 50, 23880.0, 1406676.0)
('Massachusetts', 50, 33734.0, 1923704.0)
('Kentucky', 50, 21832.0, 1519041.0)
('Rhode Island', 50, 8681.0, 482885.0)
('Mississippi', 50, 14516.0, 1210423.0)
('California', 50, 218730.0, 10446576.0)
('South Dakota', 50, 5047.0, 621405.0)
('Hawaii', 50, 721.0, 132613.0)
('North Carolina', 50, 41635.0, 2926378.0)
('South Carolina', 50, 20107.0, 1698966.0)
('Florida', 50, 67857.0, 7666858.0)
('Georgia', 50, 40474.0, 3543152.0)
('New Mexico', 50, 11626.0, 803542.0)
('New Hampshire', 50, 6185.0, 198964.0)
('West Virginia', 50, 8220.0, 417350.0)
('New Jersey', 50, 32666.0, 2717140.0)
('Montana', 50, 5428.0, 497154.0)
('Pennsylvania', 50, 72078.0, 3246918.0)
('New York', 50, 70219.0, 5246552.0)
('Colorado', 50, 27219.0, 1950935.0)
('Tennessee', 50, 51314.0, 2937324.0)
('Nebraska', 50, 9274.0, 1017781.0)
('Arkansas', 50, 14778.0, 1253451.0)
('Virgin Islands', 50, 178.0, 12133.0)
('District of Columbia', 50, 1738.0, 168734.0)
('Illinois', 50, 61490.0, 5771117.0)
('Texas', 50, 133348.0, 9946187.0)
('Delaware', 50, 5548.0, 301758.0)
('Louisiana', 50, 17490.0, 1823936.0)
('North Dakota', 50, 4890.0, 605088.0)
('Minnesota', 50, 27961.0, 2571894.0)
('Wisconsin', 50, 27889.0, 3196807.0)
('Indiana', 50, 43884.0, 2860075.0)
('Guam', 50, 102.0, 56194.0)
('Oklahoma', 50, 21182.0, 1587878.0)
('Wyoming', 50, 3043.0, 267620.0)
('Missouri', 50, 25319.0, 2469549.0)
('Utah', 50, 18497.0, 1579971.0)
('Arizona', 50, 44370.0, 2732766.0)
('Maine', 50, 2575.0, 103888.0)
('Ohio', 50, 87703.0, 3704674.0)
('Oregon', 50, 9357.0, 629157.0)
('Nevada', 50, 18744.0, 1255243.0)
('Iowa', 50, 11560.0, 1756901.0)
('Alaska', 50, 4087.0, 273929.0)
('Maryland', 50, 19627.0, 1583009.0)
('Michigan', 51, 30852.0, 3400906.0)
('Massachusetts', 51, 32953.0, 2163477.0)
('Oregon', 51, 9077.0, 692750.0)
('Nevada', 51, 16725.0, 1379857.0)
('Virgin Islands', 51, 130.0, 13072.0)
('New Mexico', 51, 10205.0, 880681.0)
('Louisiana', 51, 17532.0, 1947798.0)
('California', 51, 299158.0, 12299680.0)
('Hawaii', 51, 989.0, 138773.0)
('Missouri', 51, 23013.0, 2643365.0)
('Connecticut', 51, 16021.0, 1115683.0)
('Iowa', 51, 11080.0, 1837166.0)
('Alabama', 51, 26821.0, 2173442.0)
('Ohio', 51, 60079.0, 4174000.0)
('Illinois', 51, 51512.0, 6163049.0)
('Maryland', 51, 16094.0, 1710022.0)
('Montana', 51, 3867.0, 527759.0)
('Wisconsin', 51, 23768.0, 3376997.0)
('New Hampshire', 51, 5586.0, 239228.0)
('South Dakota', 51, 3689.0, 651689.0)
('Tennessee', 51, 63173.0, 3355184.0)
('Utah', 51, 17060.0, 1704788.0)
('South Carolina', 51, 21200.0, 1846008.0)
('Virginia', 51, 24939.0, 2070999.0)
('Florida', 51, 75635.0, 8178153.0)
('West Virginia', 51, 9125.0, 478744.0)
('Texas', 51, 113154.0, 10845552.0)
('Arizona', 51, 44955.0, 3065870.0)
('Mississippi', 51, 14886.0, 1314797.0)
('Georgia', 51, 44074.0, 3838125.0)
('Kentucky', 51, 18180.0, 1659498.0)
('North Carolina', 51, 43220.0, 3223152.0)
('Delaware', 51, 5156.0, 340157.0)
('Wyoming', 51, 2302.0, 285251.0)
('Maine', 51, 3023.0, 124343.0)
('Rhode Island', 51, 6994.0, 536243.0)
('North Dakota', 51, 2168.0, 623637.0)
('Oklahoma', 51, 23170.0, 1743657.0)
('Kansas', 51, 15014.0, 1393726.0)
('New York', 51, 70569.0, 5743101.0)
('Minnesota', 51, 18496.0, 2725844.0)
('Vermont', 51, 690.0, 42967.0)
('Nebraska', 51, 7469.0, 1074517.0)
('Northern Mariana Islands', 51, 2.0, 797.0)
('Washington', 51, 17666.0, 1540559.0)
('Guam', 51, 96.0, 57013.0)
('New Jersey', 51, 31982.0, 2945778.0)
('Colorado', 51, 20843.0, 2112275.0)
('District of Columbia', 51, 1727.0, 180856.0)
('Alaska', 51, 2715.0, 298152.0)
('Indiana', 51, 38983.0, 3148615.0)
('Pennsylvania', 51, 64096.0, 3738704.0)
('Arkansas', 51, 15948.0, 1361487.0)
('Idaho', 51, 8796.0, 887894.0)
('Wisconsin', 52, 15856.0, 3515829.0)
('Illinois', 52, 37747.0, 6475088.0)
('South Carolina', 52, 22773.0, 1991145.0)
('Georgia', 52, 42920.0, 4157436.0)
('Arizona', 52, 40888.0, 3365663.0)
('New Mexico', 52, 7975.0, 943108.0)
('California', 52, 277405.0, 14324222.0)
('Virgin Islands', 52, 58.0, 13709.0)
('Kentucky', 52, 14036.0, 1773844.0)
('Colorado', 52, 15754.0, 2241325.0)
('Delaware', 52, 4441.0, 371112.0)
('Oklahoma', 52, 18301.0, 1899083.0)
('District of Columbia', 52, 1601.0, 191650.0)
('Oregon', 52, 6804.0, 747728.0)
('Kansas', 52, 9499.0, 1481215.0)
('Alabama', 52, 23176.0, 2359525.0)
('Rhode Island', 52, 4254.0, 571748.0)
('Nevada', 52, 13426.0, 1484586.0)
('Ohio', 52, 47719.0, 4553701.0)
('North Dakota', 52, 1427.0, 636333.0)
('Northern Mariana Islands', 52, 7.0, 830.0)
('Pennsylvania', 52, 54301.0, 4156216.0)
('Massachusetts', 52, 29205.0, 2380724.0)
('New York', 52, 76976.0, 6268818.0)
('Texas', 52, 98314.0, 11579891.0)
('New Jersey', 52, 28666.0, 3159674.0)
('Montana', 52, 2610.0, 551497.0)
('Virginia', 52, 26728.0, 2259565.0)
('Washington', 52, 13987.0, 1654435.0)
('Maine', 52, 2934.0, 145719.0)
('Connecticut', 52, 9961.0, 1198014.0)
('Utah', 52, 13910.0, 1815695.0)
('Arkansas', 52, 13227.0, 1469354.0)
('Indiana', 52, 29537.0, 3393965.0)
('Iowa', 52, 7970.0, 1909161.0)
('Alaska', 52, 1898.0, 313190.0)
('South Dakota', 52, 2663.0, 674068.0)
('Guam', 52, 68.0, 57489.0)
('Mississippi', 52, 12055.0, 1411756.0)
('Florida', 52, 70413.0, 8701598.0)
('Louisiana', 52, 13577.0, 2061374.0)
('Missouri', 52, 17942.0, 2787196.0)
('Minnesota', 52, 11742.0, 2827666.0)
('Michigan', 52, 20118.0, 3559476.0)
('Vermont', 52, 586.0, 47379.0)
('Nebraska', 52, 5689.0, 1121527.0)
('Idaho', 52, 6242.0, 941609.0)
('North Carolina', 52, 37574.0, 3501807.0)
('New Hampshire', 52, 4267.0, 272454.0)
('Wyoming', 52, 1538.0, 298835.0)
('Maryland', 52, 16386.0, 1824521.0)
('West Virginia', 52, 8368.0, 540972.0)
('Hawaii', 52, 773.0, 145094.0)
('Tennessee', 52, 43419.0, 3731132.0)
('Oklahoma', 53, 11797.0, 1144334.0)
('Louisiana', 53, 15553.0, 1231528.0)
('Montana', 53, 1921.0, 323649.0)
('Texas', 53, 80648.0, 6975251.0)
('Virgin Islands', 53, 52.0, 7999.0)
('Nebraska', 53, 4926.0, 660233.0)
('Alabama', 53, 15598.0, 1417747.0)
('Kentucky', 53, 10008.0, 1061977.0)
('Utah', 53, 11738.0, 1084468.0)
('North Carolina', 53, 23621.0, 2124619.0)
('Massachusetts', 53, 22442.0, 1461109.0)
('Michigan', 53, 11623.0, 2096507.0)
('Connecticut', 53, 12965.0, 732538.0)
('South Dakota', 53, 1774.0, 393700.0)
('Idaho', 53, 5107.0, 557896.0)
('New Hampshire', 53, 3219.0, 171637.0)
('District of Columbia', 53, 781.0, 114618.0)
('Arizona', 53, 29340.0, 2054359.0)
('Florida', 53, 51336.0, 5201835.0)
('Virginia', 53, 16008.0, 1370401.0)
('Northern Mariana Islands', 53, 0.0, 488.0)
('Mississippi', 53, 9423.0, 846987.0)
('West Virginia', 53, 4624.0, 333768.0)
('New Jersey', 53, 16215.0, 1889143.0)
('Colorado', 53, 9303.0, 1326632.0)
('Guam', 53, 47.0, 33075.0)
('North Dakota', 53, 1030.0, 368111.0)
('Nevada', 53, 7525.0, 887268.0)
('Rhode Island', 53, 5883.0, 348289.0)
('Maryland', 53, 9379.0, 1091424.0)
('Iowa', 53, 6413.0, 1116738.0)
('Ohio', 53, 29855.0, 2748742.0)
('Washington', 53, 10028.0, 987758.0)
('Minnesota', 53, 6241.0, 1649893.0)
('Georgia', 53, 33491.0, 2515543.0)
('Indiana', 53, 17660.0, 2024932.0)
('Missouri', 53, 14436.0, 1649928.0)
('Hawaii', 53, 395.0, 85032.0)
('Arkansas', 53, 10261.0, 883342.0)
('Wyoming', 53, 1209.0, 176169.0)
('Kansas', 53, 12282.0, 889326.0)
('Oregon', 53, 4195.0, 447791.0)
('New Mexico', 53, 4929.0, 562683.0)
('Vermont', 53, 383.0, 29010.0)
('Alaska', 53, 1193.0, 184511.0)
('Pennsylvania', 53, 31757.0, 2530278.0)
('Maine', 53, 2321.0, 92928.0)
('New York', 53, 50664.0, 3832127.0)
('California', 53, 140536.0, 9035346.0)
('Wisconsin', 53, 11858.0, 2059857.0)
('Delaware', 53, 2399.0, 225729.0)
('Tennessee', 53, 23280.0, 2249384.0)
('Illinois', 53, 26169.0, 3818217.0)
('South Carolina', 53, 11328.0, 1209634.0)
